ID1	ZAVSIF	ZAVKATEGNAC	PREDMETNIK	ZAVSIFMAT	ID	MAT_ID	PROGRAM_ID	RAZRED	RAZRED_OZNAKA	DELEZ	ST_UC	ST_DEK	ST_ROM	ST_ODL_USM	ST_OPB	JEZIK_1	JEZIK_2	REGIJA	TIP
continuous	continuous	continuous	discrete	continuous	continuous	continuous	continuous	continuous	discrete	continuous	continuous	continuous	continuous	continuous	continuous	continuous	continuous	discrete	string
																		class	meta
100.0	954.0	2010.0	A	112.0	1044056.0	1044056.0	3803.0	12.0	A	1.0	24.0	16.0	0.0	1.0	22.0	0.0	0.0	Osrednjeslovenska	1.0
102.0	257.0	2010.0	A	112.0	1044058.0	1044058.0	3803.0	13.0	A	1.0	22.0	9.0	0.0	1.0	22.0	0.0	0.0	Pomurska	1.0
103.0	273.0	2010.0	A	112.0	1044059.0	1044059.0	3803.0	13.0	B	1.0	20.0	10.0	0.0	0.0	20.0	0.0	0.0	Osrednjeslovenska	1.0
104.0	1272.0	2010.0	A	112.0	1044060.0	1044060.0	3803.0	14.0	A	1.0	24.0	13.0	0.0	2.0	23.0	0.0	0.0	Osrednjeslovenska	1.0
105.0	3708.0	2010.0	A	112.0	1044061.0	1044061.0	3803.0	14.0	B	1.0	20.0	12.0	0.0	0.0	20.0	0.0	0.0	Osrednjeslovenska	1.0
106.0	385.0	2010.0	A	112.0	1044062.0	1044062.0	3803.0	15.0	A	1.0	23.0	8.0	0.0	1.0	23.0	1487.0	0.0	Jugovzhodna Slovenija	1.0
107.0	10549.0	2010.0	A	112.0	1044063.0	1044063.0	3803.0	15.0	B	1.0	27.0	12.0	0.0	1.0	27.0	1487.0	0.0	Osrednjeslovenska	1.0
108.0	158.0	2010.0	A	112.0	1044064.0	1044064.0	3803.0	16.0	A	1.0	19.0	9.0	0.0	1.0	19.0	1487.0	0.0	Osrednjeslovenska	1.0
109.0	674.0	2010.0	A	112.0	1044067.0	1044067.0	3803.0	16.0	B	1.0	19.0	11.0	0.0	2.0	19.0	1487.0	0.0	Osrednjeslovenska	1.0
110.0	160.0	2010.0	A	112.0	1044068.0	1044068.0	3803.0	17.0	A	1.0	24.0	10.0	0.0	1.0	0.0	1487.0	0.0	Osrednjeslovenska	1.0
111.0	159.0	2010.0	A	112.0	1044069.0	1044069.0	3803.0	17.0	B	1.0	26.0	12.0	0.0	2.0	0.0	1487.0	0.0	Osrednjeslovenska	1.0
112.0	163.0	2010.0	A	112.0	1044070.0	1044070.0	3803.0	18.0	A	1.0	24.0	10.0	0.0	3.0	0.0	1487.0	0.0	Osrednjeslovenska	1.0
113.0	644.0	2010.0	A	112.0	1044071.0	1044071.0	3803.0	18.0	B	1.0	25.0	11.0	0.0	1.0	0.0	1487.0	0.0	Osrednjeslovenska	1.0
114.0	166.0	2010.0	A	112.0	1044072.0	1044072.0	3803.0	19.0	A	1.0	19.0	11.0	0.0	1.0	0.0	1487.0	0.0	Osrednjeslovenska	1.0
115.0	413.0	2010.0	A	112.0	1044073.0	1044073.0	3803.0	19.0	B	1.0	20.0	12.0	0.0	0.0	0.0	1487.0	0.0	Podravska	1.0
117.0	168.0	2010.0	A	112.0	1044074.0	1044074.0	3803.0	20.0	A	1.0	22.0	10.0	0.0	1.0	0.0	1487.0	0.0	Koroška	1.0
118.0	928.0	2010.0	A	112.0	1044075.0	1044075.0	3803.0	20.0	B	1.0	22.0	11.0	0.0	1.0	0.0	1487.0	0.0	Koroška	1.0
124.0	941.0	2010.0	A	112.0	1044057.0	1044057.0	3803.0	12.0	B	1.0	25.0	13.0	0.0	1.0	25.0	0.0	0.0	Podravska	1.0
125.0	942.0	2010.0	A	115.0	1043989.0	1043989.0	3803.0	16.0	A	1.0	20.0	7.0	0.0	1.0	11.0	1487.0	0.0	Podravska	1.0
126.0	574.0	2010.0	A	115.0	1043990.0	1043990.0	3803.0	16.0	B	1.0	20.0	14.0	0.0	0.0	11.0	1487.0	0.0	Podravska	1.0
127.0	1315.0	2010.0	A	115.0	1043991.0	1043991.0	3803.0	17.0	A	1.0	26.0	12.0	0.0	3.0	3.0	1487.0	0.0	Gorenjska	1.0
128.0	1316.0	2010.0	A	115.0	1043992.0	1043992.0	3803.0	17.0	B	1.0	26.0	12.0	0.0	2.0	0.0	1487.0	0.0	Gorenjska	1.0
129.0	488.0	2010.0	A	115.0	1043993.0	1043993.0	3803.0	18.0	A	1.0	24.0	13.0	0.0	2.0	0.0	1487.0	0.0	Gorenjska	1.0
131.0	828.0	2010.0	A	115.0	1043995.0	1043995.0	3803.0	19.0	A	1.0	25.0	11.0	0.0	1.0	0.0	1487.0	0.0	Gorenjska	1.0
132.0	416.0	2010.0	A	115.0	1043996.0	1043996.0	3803.0	19.0	B	1.0	28.0	14.0	0.0	2.0	0.0	1487.0	0.0	Podravska	1.0
133.0	434.0	2010.0	A	115.0	1043997.0	1043997.0	3803.0	20.0	A	1.0	21.0	14.0	0.0	0.0	0.0	1487.0	0.0	Gorenjska	1.0
134.0	170.0	2010.0	A	115.0	1043998.0	1043998.0	3803.0	20.0	B	1.0	21.0	15.0	0.0	3.0	0.0	1487.0	0.0	Pomurska	1.0
136.0	342.0	2010.0	A	115.0	1043994.0	1043994.0	3803.0	18.0	B	1.0	26.0	11.0	0.0	4.0	0.0	1487.0	0.0	Savinjska	1.0
139.0	346.0	2010.0	A	117.0	1040043.0	1040042.0	3803.0	12.0	1. razred	0.0	5.0	5.0	1.0	0.0	0.0	5.0	0.0	Pomurska	2.0
140.0	356.0	2010.0	A	117.0	1040044.0	1040042.0	3803.0	13.0	2. razred	0.0	5.0	8.0	3.0	0.0	0.0	8.0	0.0	Pomurska	2.0
141.0	1307.0	2010.0	A	117.0	1040046.0	1040045.0	3803.0	14.0	3. razred	0.0	5.0	8.0	3.0	0.0	0.0	8.0	1487.0	Osrednjeslovenska	2.0
142.0	1308.0	2010.0	A	117.0	1040058.0	1040058.0	3803.0	16.0	A	1.0	9.0	4.0	0.0	2.0	9.0	1487.0	0.0	Osrednjeslovenska	1.0
143.0	178.0	2010.0	A	117.0	1040051.0	1040050.0	3803.0	17.0	6. razred	0.0	5.0	7.0	3.0	0.0	0.0	6.0	1487.0	Osrednjeslovenska	2.0
144.0	1034.0	2010.0	A	117.0	1040052.0	1040050.0	3803.0	18.0	7. razred	0.0	5.0	6.0	5.0	0.0	0.0	6.0	1487.0	Osrednjeslovenska	2.0
145.0	1036.0	2010.0	A	117.0	1040055.0	1040054.0	3803.0	19.0	8. razred	0.0	5.0	4.0	1.0	0.0	0.0	4.0	1487.0	Osrednjeslovenska	2.0
146.0	1037.0	2010.0	A	117.0	1040056.0	1040054.0	3803.0	20.0	9. razred	0.0	5.0	4.0	2.0	0.0	0.0	4.0	1487.0	Osrednjeslovenska	2.0
147.0	1038.0	2010.0	A	117.0	1040047.0	1040045.0	3803.0	15.0	4. razred	0.0	5.0	7.0	3.0	0.0	0.0	7.0	1487.0	Osrednjeslovenska	2.0
148.0	421.0	2010.0	A	118.0	1039314.0	1039314.0	3803.0	14.0	C	1.0	23.0	8.0	0.0	0.0	17.0	0.0	0.0	Podravska	1.0
150.0	575.0	2010.0	A	118.0	1039316.0	1039316.0	3803.0	15.0	B	1.0	21.0	10.0	0.0	1.0	17.0	1487.0	0.0	Podravska	1.0
151.0	938.0	2010.0	A	118.0	1039317.0	1039317.0	3803.0	15.0	C	1.0	21.0	10.0	0.0	0.0	13.0	1487.0	0.0	Podravska	1.0
152.0	324.0	2010.0	A	118.0	1039318.0	1039318.0	3803.0	16.0	A	1.0	22.0	12.0	0.0	3.0	13.0	1487.0	0.0	Osrednjeslovenska	1.0
153.0	181.0	2010.0	A	118.0	1039319.0	1039319.0	3803.0	16.0	B	1.0	23.0	15.0	0.0	2.0	15.0	1487.0	0.0	Zasavska	1.0
154.0	3548.0	2010.0	A	118.0	1039329.0	1039329.0	3803.0	17.0	A	1.0	20.0	8.0	0.0	1.0	0.0	1487.0	0.0	Zasavska	1.0
155.0	461.0	2010.0	A	118.0	1039336.0	1039336.0	3803.0	17.0	B	1.0	21.0	8.0	0.0	2.0	0.0	1487.0	0.0	Obalno-Kraška	1.0
157.0	184.0	2010.0	A	118.0	1039337.0	1039337.0	3803.0	17.0	C	1.0	21.0	10.0	0.0	2.0	0.0	1487.0	0.0	Goriška	1.0
158.0	185.0	2010.0	A	118.0	1039342.0	1039342.0	3803.0	18.0	A	1.0	21.0	8.0	0.0	1.0	0.0	1487.0	0.0	Goriška	1.0
159.0	890.0	2010.0	A	118.0	1039344.0	1039344.0	3803.0	18.0	B	1.0	21.0	7.0	0.0	0.0	0.0	1487.0	0.0	Goriška	1.0
160.0	891.0	2010.0	A	118.0	1039345.0	1039345.0	3803.0	18.0	C	1.0	21.0	8.0	0.0	2.0	0.0	1487.0	0.0	Goriška	1.0
161.0	188.0	2010.0	A	118.0	1039347.0	1039347.0	3803.0	19.0	A	1.0	22.0	12.0	0.0	2.0	0.0	1487.0	0.0	Goriška	1.0
162.0	896.0	2010.0	A	118.0	1039348.0	1039348.0	3803.0	19.0	B	1.0	23.0	11.0	0.0	0.0	0.0	1487.0	0.0	Goriška	1.0
164.0	320.0	2010.0	A	118.0	1039349.0	1039349.0	3803.0	19.0	C	1.0	21.0	12.0	0.0	0.0	0.0	1487.0	0.0	Osrednjeslovenska	1.0
165.0	951.0	2010.0	A	118.0	1039351.0	1039351.0	3803.0	20.0	A	1.0	22.0	10.0	0.0	3.0	0.0	1487.0	0.0	Osrednjeslovenska	1.0
166.0	952.0	2010.0	A	118.0	1039353.0	1039353.0	3803.0	20.0	B	1.0	22.0	12.0	0.0	1.0	0.0	1487.0	0.0	Osrednjeslovenska	1.0
167.0	953.0	2010.0	A	118.0	1039356.0	1039356.0	3803.0	20.0	C	1.0	16.0	9.0	0.0	2.0	0.0	1487.0	0.0	Osrednjeslovenska	1.0
168.0	195.0	2010.0	A	118.0	1039305.0	1039305.0	3803.0	12.0	A	1.0	20.0	14.0	0.0	0.0	17.0	0.0	0.0	Notranjsko-Kraška	1.0
169.0	194.0	2010.0	A	118.0	1039307.0	1039307.0	3803.0	12.0	B	1.0	20.0	11.0	0.0	0.0	18.0	0.0	0.0	Notranjsko-Kraška	1.0
170.0	191.0	2010.0	A	118.0	1039308.0	1039308.0	3803.0	12.0	C	1.0	20.0	12.0	0.0	0.0	16.0	0.0	0.0	Notranjsko-Kraška	1.0
171.0	192.0	2010.0	A	118.0	1039309.0	1039309.0	3803.0	13.0	A	1.0	21.0	8.0	0.0	1.0	18.0	0.0	0.0	Notranjsko-Kraška	1.0
172.0	190.0	2010.0	A	118.0	1039310.0	1039310.0	3803.0	13.0	B	1.0	25.0	10.0	0.0	0.0	25.0	0.0	0.0	Notranjsko-Kraška	1.0
173.0	599.0	2010.0	A	118.0	1039311.0	1039311.0	3803.0	13.0	C	1.0	23.0	10.0	0.0	0.0	17.0	0.0	0.0	Notranjsko-Kraška	1.0
174.0	600.0	2010.0	A	118.0	1039312.0	1039312.0	3803.0	14.0	A	1.0	25.0	10.0	0.0	1.0	16.0	0.0	0.0	Notranjsko-Kraška	1.0
175.0	179.0	2010.0	A	118.0	1039313.0	1039313.0	3803.0	14.0	B	1.0	21.0	8.0	0.0	0.0	18.0	0.0	0.0	Osrednjeslovenska	1.0
178.0	602.0	2010.0	A	118.0	1039315.0	1039315.0	3803.0	15.0	A	1.0	21.0	11.0	0.0	1.0	15.0	1487.0	0.0	Osrednjeslovenska	1.0
179.0	675.0	2010.0	A	120.0	1037398.0	1037398.0	3803.0	15.0	A	1.0	16.0	9.0	0.0	1.0	13.0	1487.0	0.0	Osrednjeslovenska	1.0
180.0	676.0	2010.0	A	120.0	1037397.0	1037397.0	3803.0	14.0	B	1.0	17.0	8.0	0.0	0.0	15.0	0.0	0.0	Osrednjeslovenska	1.0
181.0	677.0	2010.0	A	120.0	1037400.0	1037400.0	3803.0	16.0	A	1.0	25.0	10.0	0.0	4.0	22.0	1487.0	0.0	Osrednjeslovenska	1.0
182.0	678.0	2010.0	A	120.0	1037401.0	1037401.0	3803.0	17.0	A	1.0	27.0	12.0	0.0	3.0	0.0	1487.0	0.0	Osrednjeslovenska	1.0
183.0	679.0	2010.0	A	120.0	1037402.0	1037402.0	3803.0	17.0	B	1.0	26.0	12.0	0.0	3.0	0.0	1487.0	0.0	Osrednjeslovenska	1.0
184.0	1215.0	2010.0	A	120.0	1037403.0	1037403.0	3803.0	18.0	A	1.0	28.0	15.0	0.0	0.0	0.0	1487.0	0.0	Osrednjeslovenska	1.0
185.0	197.0	2010.0	A	120.0	1037404.0	1037404.0	3803.0	18.0	B	1.0	27.0	14.0	0.0	2.0	0.0	1487.0	0.0	Obalno-Kraška	1.0
186.0	906.0	2010.0	A	120.0	1037405.0	1037405.0	3803.0	19.0	A	1.0	20.0	10.0	0.0	5.0	0.0	1487.0	0.0	Obalno-Kraška	1.0
187.0	196.0	2010.0	A	120.0	1037406.0	1037406.0	3803.0	19.0	B	1.0	24.0	12.0	0.0	4.0	0.0	1487.0	0.0	Obalno-Kraška	1.0
188.0	1053.0	2010.0	A	120.0	1037407.0	1037407.0	3803.0	20.0	A	1.0	24.0	14.0	0.0	5.0	0.0	1487.0	0.0	Obalno-Kraška	1.0
189.0	1344.0	2010.0	A	120.0	1037409.0	1037409.0	3803.0	20.0	B	1.0	25.0	17.0	0.0	4.0	0.0	1487.0	0.0	Gorenjska	1.0
190.0	1345.0	2010.0	A	120.0	1037392.0	1037392.0	3803.0	12.0	A	1.0	18.0	9.0	0.0	0.0	17.0	0.0	0.0	Gorenjska	1.0
191.0	1206.0	2010.0	A	120.0	1037393.0	1037393.0	3803.0	12.0	B	1.0	17.0	10.0	0.0	1.0	16.0	0.0	0.0	Gorenjska	1.0
192.0	415.0	2010.0	A	120.0	1037394.0	1037394.0	3803.0	13.0	A	1.0	17.0	10.0	0.0	0.0	15.0	0.0	0.0	Podravska	1.0
193.0	200.0	2010.0	A	120.0	1037395.0	1037395.0	3803.0	13.0	B	1.0	18.0	12.0	0.0	1.0	16.0	0.0	0.0	Osrednjeslovenska	1.0
194.0	913.0	2010.0	A	120.0	1037396.0	1037396.0	3803.0	14.0	A	1.0	16.0	9.0	0.0	0.0	14.0	0.0	0.0	Osrednjeslovenska	1.0
195.0	914.0	2010.0	A	120.0	1037399.0	1037399.0	3803.0	15.0	B	1.0	19.0	12.0	0.0	2.0	15.0	1487.0	0.0	Osrednjeslovenska	1.0
196.0	915.0	2010.0	A	121.0	1037100.0	1037100.0	3803.0	18.0	A	1.0	25.0	13.0	0.0	3.0	0.0	1487.0	0.0	Osrednjeslovenska	1.0
197.0	916.0	2010.0	A	121.0	1037096.0	1037096.0	3803.0	17.0	A	1.0	25.0	13.0	0.0	3.0	0.0	1487.0	0.0	Osrednjeslovenska	1.0
198.0	201.0	2010.0	A	121.0	1037080.0	1037080.0	3803.0	12.0	A	1.0	25.0	10.0	0.0	2.0	23.0	0.0	0.0	Osrednjeslovenska	1.0
199.0	204.0	2010.0	A	121.0	1037083.0	1037083.0	3803.0	15.0	A	1.0	14.0	7.0	0.0	1.0	13.0	1487.0	0.0	Osrednjeslovenska	1.0
200.0	907.0	2010.0	A	121.0	1037117.0	1037115.0	3803.0	14.0	3. razred	0.0	5.0	9.0	3.0	0.0	0.0	8.0	0.0	Osrednjeslovenska	2.0
201.0	199.0	2010.0	A	121.0	1037106.0	1037106.0	3803.0	19.0	A	1.0	18.0	9.0	0.0	4.0	0.0	1487.0	0.0	Osrednjeslovenska	1.0
202.0	1259.0	2010.0	A	121.0	1037109.0	1037109.0	3803.0	20.0	A	1.0	18.0	8.0	0.0	3.0	0.0	1487.0	0.0	Osrednjeslovenska	1.0
203.0	3701.0	2010.0	A	121.0	1037116.0	1037115.0	3803.0	13.0	2. razred	0.0	5.0	9.0	8.0	0.0	0.0	9.0	0.0	Osrednjeslovenska	2.0
204.0	3702.0	2010.0	A	121.0	1037092.0	1037092.0	3803.0	16.0	A	1.0	19.0	10.0	0.0	3.0	15.0	1487.0	0.0	Osrednjeslovenska	1.0
205.0	3703.0	2010.0	A	122.0	1043947.0	1043947.0	3803.0	20.0	C	1.0	24.0	11.0	0.0	2.0	0.0	1487.0	0.0	Osrednjeslovenska	1.0
207.0	363.0	2010.0	A	122.0	1044319.0	1044317.0	3813.0	20.0	9. razred	0.0	5.0	3.0	1.0	0.0	0.0	0.0	1487.0	Goriška	2.0
209.0	424.0	2010.0	A	122.0	1043954.0	1043954.0	3813.0	19.0	A	1.0	10.0	8.0	1.0	0.0	0.0	1487.0	0.0	Podravska	1.0
210.0	423.0	2010.0	A	122.0	1043919.0	1043919.0	3803.0	12.0	B	1.0	26.0	13.0	0.0	0.0	26.0	0.0	0.0	Podravska	1.0
211.0	766.0	2010.0	A	122.0	1043920.0	1043920.0	3803.0	12.0	C	1.0	26.0	13.0	1.0	0.0	25.0	0.0	0.0	Podravska	1.0
212.0	509.0	2010.0	A	122.0	1043921.0	1043921.0	3803.0	12.0	Č	1.0	28.0	13.0	0.0	0.0	25.0	0.0	0.0	Goriška	1.0
213.0	839.0	2010.0	A	122.0	1043922.0	1043922.0	3803.0	13.0	A	1.0	24.0	14.0	0.0	0.0	21.0	0.0	0.0	Goriška	1.0
214.0	841.0	2010.0	A	122.0	1043923.0	1043923.0	3803.0	13.0	B	1.0	26.0	13.0	0.0	1.0	24.0	0.0	0.0	Goriška	1.0
215.0	842.0	2010.0	A	122.0	1043924.0	1043924.0	3803.0	13.0	C	1.0	23.0	13.0	0.0	0.0	20.0	0.0	0.0	Goriška	1.0
216.0	256.0	2010.0	A	122.0	1043925.0	1043925.0	3803.0	13.0	Č	1.0	25.0	12.0	0.0	1.0	20.0	0.0	0.0	Pomurska	1.0
217.0	205.0	2010.0	A	122.0	1043926.0	1043926.0	3803.0	14.0	A	1.0	27.0	13.0	1.0	1.0	20.0	0.0	0.0	Jugovzhodna Slovenija	1.0
218.0	612.0	2010.0	A	122.0	1043927.0	1043927.0	3803.0	14.0	B	1.0	29.0	16.0	0.0	1.0	22.0	0.0	0.0	Jugovzhodna Slovenija	1.0
219.0	974.0	2010.0	A	122.0	1043928.0	1043928.0	3803.0	14.0	C	1.0	28.0	14.0	0.0	1.0	25.0	0.0	0.0	Jugovzhodna Slovenija	1.0
220.0	975.0	2010.0	A	122.0	1043929.0	1043929.0	3803.0	14.0	Č	1.0	29.0	13.0	0.0	2.0	22.0	0.0	0.0	Jugovzhodna Slovenija	1.0
221.0	613.0	2010.0	A	122.0	1043930.0	1043930.0	3803.0	15.0	A	1.0	28.0	16.0	0.0	0.0	19.0	1487.0	0.0	Jugovzhodna Slovenija	1.0
222.0	973.0	2010.0	A	122.0	1043931.0	1043931.0	3803.0	15.0	B	1.0	27.0	14.0	0.0	0.0	15.0	1487.0	0.0	Jugovzhodna Slovenija	1.0
223.0	460.0	2010.0	A	122.0	1043932.0	1043932.0	3803.0	15.0	C	1.0	28.0	14.0	0.0	1.0	17.0	1487.0	0.0	Obalno-Kraška	1.0
224.0	3790.0	2010.0	A	122.0	1043933.0	1043933.0	3803.0	16.0	A	1.0	24.0	13.0	0.0	1.0	9.0	1487.0	0.0	Obalno-Kraška	1.0
225.0	198.0	2010.0	A	122.0	1043934.0	1043934.0	3803.0	16.0	B	1.0	27.0	12.0	0.0	1.0	14.0	1487.0	0.0	Osrednjeslovenska	1.0
226.0	3545.0	2010.0	A	122.0	1043935.0	1043935.0	3803.0	16.0	C	1.0	27.0	12.0	0.0	2.0	7.0	1487.0	0.0	Osrednjeslovenska	1.0
227.0	10550.0	2010.0	A	122.0	1043936.0	1043936.0	3803.0	17.0	A	1.0	26.0	12.0	0.0	0.0	0.0	1487.0	0.0	Obalno-Kraška	1.0
228.0	217.0	2010.0	A	122.0	1043937.0	1043937.0	3803.0	17.0	B	1.0	25.0	14.0	0.0	1.0	0.0	1487.0	0.0	Obalno-Kraška	1.0
229.0	213.0	2010.0	A	122.0	1043938.0	1043938.0	3803.0	17.0	C	1.0	24.0	11.0	1.0	2.0	0.0	1487.0	0.0	Obalno-Kraška	1.0
230.0	218.0	2010.0	A	122.0	1043939.0	1043939.0	3803.0	18.0	A	1.0	24.0	11.0	0.0	1.0	0.0	1487.0	0.0	Obalno-Kraška	1.0
231.0	210.0	2010.0	A	122.0	1043940.0	1043940.0	3803.0	18.0	B	1.0	28.0	15.0	0.0	1.0	0.0	1487.0	0.0	Obalno-Kraška	1.0
232.0	687.0	2010.0	A	122.0	1043941.0	1043941.0	3803.0	18.0	C	1.0	23.0	15.0	0.0	2.0	0.0	1487.0	0.0	Obalno-Kraška	1.0
233.0	216.0	2010.0	A	122.0	1043942.0	1043942.0	3803.0	19.0	A	1.0	19.0	10.0	0.0	0.0	0.0	1487.0	0.0	Obalno-Kraška	1.0
234.0	219.0	2010.0	A	122.0	1043943.0	1043943.0	3803.0	19.0	B	1.0	21.0	12.0	0.0	1.0	0.0	1487.0	0.0	Obalno-Kraška	1.0
235.0	221.0	2010.0	A	122.0	1043944.0	1043944.0	3803.0	19.0	C	1.0	21.0	10.0	0.0	1.0	0.0	1487.0	0.0	Obalno-Kraška	1.0
236.0	214.0	2010.0	A	122.0	1043945.0	1043945.0	3803.0	20.0	A	1.0	20.0	11.0	0.0	3.0	0.0	1487.0	0.0	Obalno-Kraška	1.0
237.0	685.0	2010.0	A	122.0	1043946.0	1043946.0	3803.0	20.0	B	1.0	24.0	10.0	0.0	2.0	0.0	1487.0	0.0	Obalno-Kraška	1.0
238.0	686.0	2010.0	A	122.0	1044318.0	1044317.0	3813.0	18.0	7. razred	0.0	5.0	1.0	0.0	0.0	0.0	0.0	1487.0	Obalno-Kraška	2.0
239.0	3509.0	2010.0	A	122.0	1044312.0	1044311.0	3813.0	16.0	5. razred	0.0	5.0	4.0	0.0	0.0	0.0	3.0	1487.0	Obalno-Kraška	2.0
240.0	220.0	2010.0	A	122.0	1044313.0	1044311.0	3813.0	17.0	6. razred	0.0	5.0	1.0	1.0	0.0	0.0	0.0	1487.0	Obalno-Kraška	2.0
242.0	209.0	2010.0	A	122.0	1043918.0	1043918.0	3803.0	12.0	A	1.0	26.0	12.0	0.0	0.0	25.0	0.0	0.0	Obalno-Kraška	1.0
243.0	242.0	2010.0	A	122.0	1046461.0	1046460.0	3813.0	14.0	3. razred	0.0	5.0	1.0	1.0	0.0	0.0	1.0	1487.0	Spodnjeposavska	2.0
244.0	208.0	2010.0	A	122.0	1046462.0	1046460.0	3813.0	15.0	4. razred	0.0	5.0	3.0	2.0	0.0	0.0	1.0	1487.0	Jugovzhodna Slovenija	2.0
246.0	504.0	2010.0	A	122.0	1043948.0	1043948.0	3803.0	20.0	Č	1.0	25.0	14.0	0.0	2.0	0.0	1487.0	0.0	Savinjska	1.0
247.0	1370.0	2010.0	A	124.0	1041363.0	1041363.0	3803.0	16.0	A	1.0	26.0	13.0	0.0	3.0	14.0	1487.0	0.0	Gorenjska	1.0
248.0	1371.0	2010.0	A	124.0	1041353.0	1041353.0	3803.0	14.0	A	1.0	16.0	8.0	0.0	1.0	15.0	0.0	0.0	Gorenjska	1.0
249.0	224.0	2010.0	A	124.0	1041354.0	1041354.0	3803.0	14.0	B	1.0	16.0	8.0	0.0	0.0	14.0	0.0	0.0	Gorenjska	1.0
250.0	978.0	2010.0	A	124.0	1041366.0	1041366.0	3803.0	17.0	A	1.0	16.0	9.0	0.0	1.0	0.0	1487.0	0.0	Gorenjska	1.0
251.0	976.0	2010.0	A	124.0	1041367.0	1041367.0	3803.0	17.0	B	1.0	17.0	8.0	0.0	2.0	0.0	1487.0	0.0	Gorenjska	1.0
252.0	1358.0	2010.0	A	124.0	1041369.0	1041369.0	3803.0	18.0	A	1.0	27.0	15.0	0.0	1.0	0.0	1487.0	0.0	Gorenjska	1.0
253.0	977.0	2010.0	A	124.0	1041373.0	1041373.0	3803.0	20.0	A	1.0	26.0	11.0	0.0	1.0	0.0	1487.0	0.0	Gorenjska	1.0
256.0	225.0	2010.0	A	124.0	1041352.0	1041352.0	3803.0	13.0	A	1.0	21.0	8.0	0.0	2.0	20.0	0.0	0.0	Gorenjska	1.0
257.0	987.0	2010.0	A	124.0	1041358.0	1041358.0	3803.0	15.0	A	1.0	19.0	11.0	0.0	1.0	12.0	1487.0	0.0	Gorenjska	1.0
258.0	990.0	2010.0	A	124.0	1041360.0	1041360.0	3803.0	15.0	B	1.0	16.0	11.0	0.0	1.0	12.0	1487.0	0.0	Gorenjska	1.0
259.0	991.0	2010.0	A	124.0	1041372.0	1041372.0	3803.0	19.0	A	1.0	25.0	9.0	0.0	5.0	0.0	1487.0	0.0	Gorenjska	1.0
260.0	222.0	2010.0	A	124.0	1041351.0	1041351.0	3803.0	12.0	A	1.0	25.0	10.0	0.0	1.0	25.0	0.0	0.0	Gorenjska	1.0
263.0	223.0	2010.0	A	125.0	1036402.0	1036402.0	3803.0	12.0	A	1.0	13.0	10.0	0.0	0.0	13.0	0.0	0.0	Gorenjska	1.0
264.0	1207.0	2010.0	A	125.0	1036404.0	1036404.0	3803.0	13.0	A	1.0	12.0	6.0	0.0	0.0	12.0	0.0	0.0	Gorenjska	1.0
265.0	1208.0	2010.0	A	125.0	1036405.0	1036405.0	3803.0	14.0	A	1.0	11.0	10.0	0.0	0.0	11.0	0.0	0.0	Gorenjska	1.0
266.0	332.0	2010.0	A	125.0	1036411.0	1036411.0	3803.0	20.0	A	1.0	15.0	8.0	0.0	2.0	0.0	1487.0	0.0	Pomurska	1.0
267.0	238.0	2010.0	A	125.0	1036407.0	1036407.0	3803.0	16.0	A	1.0	13.0	9.0	0.0	3.0	12.0	1487.0	0.0	Spodnjeposavska	1.0
268.0	239.0	2010.0	A	125.0	1036408.0	1036408.0	3803.0	17.0	A	1.0	12.0	6.0	0.0	0.0	0.0	1487.0	0.0	Spodnjeposavska	1.0
269.0	240.0	2010.0	A	125.0	1036409.0	1036409.0	3803.0	18.0	A	1.0	12.0	3.0	0.0	1.0	0.0	1487.0	0.0	Spodnjeposavska	1.0
270.0	234.0	2010.0	A	125.0	1036410.0	1036410.0	3803.0	19.0	A	1.0	19.0	8.0	0.0	1.0	0.0	1487.0	0.0	Spodnjeposavska	1.0
271.0	237.0	2010.0	A	125.0	1036406.0	1036406.0	3803.0	15.0	A	1.0	15.0	10.0	0.0	0.0	13.0	1487.0	0.0	Spodnjeposavska	1.0
272.0	688.0	2010.0	A	126.0	1035725.0	1035724.0	3803.0	12.0	1. razred	0.0	5.0	9.0	5.0	0.0	0.0	9.0	0.0	Spodnjeposavska	2.0
273.0	241.0	2010.0	A	126.0	1035726.0	1035724.0	3803.0	13.0	2. razred	0.0	5.0	6.0	1.0	0.0	0.0	6.0	0.0	Spodnjeposavska	2.0
274.0	243.0	2010.0	A	126.0	1035729.0	1035728.0	3803.0	14.0	3. razred	0.0	5.0	11.0	6.0	0.0	0.0	11.0	1487.0	Spodnjeposavska	2.0
275.0	582.0	2010.0	A	126.0	1035730.0	1035728.0	3803.0	15.0	4. razred	0.0	5.0	9.0	6.0	0.0	0.0	9.0	1487.0	Podravska	2.0
276.0	904.0	2010.0	A	126.0	1035739.0	1035738.0	3803.0	16.0	5. razred	0.0	5.0	10.0	6.0	0.0	0.0	9.0	1487.0	Podravska	2.0
277.0	905.0	2010.0	A	126.0	1035757.0	1035757.0	3803.0	20.0	A	1.0	16.0	6.0	0.0	1.0	0.0	1487.0	0.0	Podravska	1.0
278.0	355.0	2010.0	A	126.0	1035744.0	1035743.0	3803.0	18.0	7. razred	0.0	5.0	8.0	6.0	0.0	0.0	0.0	1487.0	Pomurska	2.0
279.0	491.0	2010.0	A	126.0	1035745.0	1035743.0	3803.0	19.0	8. razred	0.0	5.0	6.0	4.0	0.0	0.0	0.0	1487.0	Savinjska	2.0
284.0	9873.0	2010.0	A	126.0	1035740.0	1035738.0	3803.0	17.0	6. razred	0.0	5.0	8.0	4.0	0.0	0.0	0.0	1487.0	Savinjska	2.0
285.0	1353.0	2010.0	A	127.0	1039184.0	1039184.0	3803.0	15.0	A	1.0	15.0	7.0	0.0	2.0	10.0	1487.0	0.0	Savinjska	1.0
286.0	1354.0	2010.0	A	127.0	1039185.0	1039185.0	3803.0	16.0	A	1.0	16.0	9.0	0.0	1.0	4.0	1487.0	0.0	Savinjska	1.0
287.0	1355.0	2010.0	A	127.0	1039186.0	1039186.0	3803.0	16.0	B	1.0	15.0	7.0	0.0	3.0	0.0	1487.0	0.0	Savinjska	1.0
288.0	1356.0	2010.0	A	127.0	1039188.0	1039188.0	3803.0	17.0	A	1.0	18.0	11.0	0.0	1.0	0.0	1487.0	0.0	Savinjska	1.0
289.0	3752.0	2010.0	A	127.0	1039190.0	1039190.0	3803.0	18.0	A	1.0	26.0	10.0	0.0	2.0	0.0	1487.0	0.0	Savinjska	1.0
290.0	247.0	2010.0	A	127.0	1039192.0	1039192.0	3803.0	19.0	A	1.0	16.0	8.0	0.0	1.0	0.0	1487.0	0.0	Podravska	1.0
292.0	253.0	2010.0	A	127.0	1039197.0	1039197.0	3803.0	20.0	A	1.0	28.0	14.0	0.0	1.0	0.0	1487.0	0.0	Pomurska	1.0
293.0	701.0	2010.0	A	127.0	1038150.0	1038150.0	3803.0	12.0	A	1.0	24.0	12.0	0.0	2.0	20.0	0.0	0.0	Pomurska	1.0
294.0	258.0	2010.0	A	127.0	1038162.0	1038162.0	3803.0	13.0	A	1.0	14.0	7.0	0.0	0.0	13.0	0.0	0.0	Pomurska	1.0
295.0	262.0	2010.0	A	127.0	1038172.0	1038172.0	3803.0	14.0	A	1.0	20.0	13.0	0.0	2.0	16.0	0.0	0.0	Osrednjeslovenska	1.0
297.0	1346.0	2010.0	A	127.0	1039193.0	1039193.0	3803.0	19.0	B	1.0	15.0	7.0	0.0	1.0	0.0	1487.0	0.0	Osrednjeslovenska	1.0
298.0	1348.0	2010.0	A	128.0	1037766.0	1037766.0	3803.0	12.0	A	1.0	20.0	11.0	0.0	0.0	17.0	0.0	0.0	Osrednjeslovenska	1.0
302.0	1028.0	2010.0	A	128.0	1037798.0	1037798.0	3803.0	20.0	A	1.0	14.0	8.0	0.0	1.0	0.0	1487.0	0.0	Osrednjeslovenska	1.0
303.0	1029.0	2010.0	A	128.0	1037779.0	1037779.0	3803.0	13.0	A	1.0	7.0	3.0	0.0	0.0	7.0	0.0	0.0	Osrednjeslovenska	1.0
304.0	1030.0	2010.0	A	128.0	1037795.0	1037795.0	3803.0	19.0	A	1.0	15.0	6.0	0.0	0.0	0.0	1487.0	0.0	Osrednjeslovenska	1.0
305.0	3629.0	2010.0	A	128.0	1037787.0	1037786.0	3803.0	15.0	4. razred	0.0	5.0	6.0	0.0	0.0	0.0	5.0	1487.0	Osrednjeslovenska	2.0
306.0	298.0	2010.0	A	128.0	1037788.0	1037786.0	3803.0	16.0	5. razred	0.0	5.0	10.0	5.0	0.0	0.0	7.0	1487.0	Osrednjeslovenska	2.0
307.0	265.0	2010.0	A	128.0	1037790.0	1037790.0	3803.0	17.0	A	1.0	13.0	7.0	0.0	1.0	0.0	1487.0	0.0	Osrednjeslovenska	1.0
308.0	266.0	2010.0	A	128.0	1037793.0	1037793.0	3803.0	18.0	A	1.0	16.0	7.0	0.0	0.0	0.0	1487.0	0.0	Osrednjeslovenska	1.0
309.0	268.0	2010.0	A	128.0	1037782.0	1037782.0	3803.0	14.0	A	1.0	16.0	13.0	0.0	1.0	12.0	0.0	0.0	Osrednjeslovenska	1.0
310.0	269.0	2010.0	A	129.0	1036972.0	1036972.0	3803.0	19.0	A	1.0	19.0	8.0	1.0	1.0	0.0	1487.0	0.0	Osrednjeslovenska	1.0
312.0	275.0	2010.0	A	129.0	1036937.0	1036937.0	3803.0	12.0	B	1.0	13.0	7.0	3.0	0.0	12.0	0.0	0.0	Osrednjeslovenska	1.0
313.0	279.0	2010.0	A	129.0	1036941.0	1036941.0	3803.0	13.0	A	1.0	12.0	4.0	2.0	1.0	9.0	0.0	0.0	Osrednjeslovenska	1.0
314.0	272.0	2010.0	A	129.0	1036944.0	1036944.0	3803.0	13.0	B	1.0	10.0	5.0	4.0	0.0	7.0	0.0	0.0	Osrednjeslovenska	1.0
315.0	267.0	2010.0	A	129.0	1036961.0	1036961.0	3803.0	14.0	A	1.0	11.0	6.0	2.0	0.0	9.0	0.0	0.0	Osrednjeslovenska	1.0
316.0	112.0	2010.0	A	129.0	1036965.0	1036965.0	3803.0	14.0	B	1.0	11.0	6.0	1.0	1.0	8.0	0.0	0.0	Osrednjeslovenska	1.0
317.0	274.0	2010.0	A	129.0	1036966.0	1036966.0	3803.0	15.0	A	1.0	21.0	11.0	5.0	1.0	14.0	1487.0	0.0	Osrednjeslovenska	1.0
318.0	280.0	2010.0	A	129.0	1036967.0	1036967.0	3803.0	16.0	A	1.0	14.0	8.0	3.0	1.0	8.0	1487.0	0.0	Osrednjeslovenska	1.0
319.0	289.0	2010.0	A	129.0	1036968.0	1036968.0	3803.0	16.0	B	1.0	14.0	6.0	1.0	0.0	7.0	1487.0	0.0	Osrednjeslovenska	1.0
320.0	293.0	2010.0	A	129.0	1036969.0	1036969.0	3803.0	17.0	A	1.0	16.0	7.0	1.0	0.0	0.0	1487.0	0.0	Osrednjeslovenska	1.0
321.0	17510.0	2010.0	A	129.0	1036970.0	1036970.0	3803.0	18.0	A	1.0	11.0	8.0	2.0	1.0	0.0	1487.0	0.0	Osrednjeslovenska	1.0
322.0	292.0	2010.0	A	129.0	1036971.0	1036971.0	3803.0	18.0	B	1.0	12.0	8.0	2.0	2.0	0.0	1487.0	0.0	Osrednjeslovenska	1.0
323.0	283.0	2010.0	A	129.0	1036975.0	1036975.0	3803.0	20.0	A	1.0	16.0	7.0	1.0	1.0	0.0	1487.0	0.0	Osrednjeslovenska	1.0
325.0	299.0	2010.0	A	129.0	1036935.0	1036935.0	3803.0	12.0	A	1.0	12.0	7.0	3.0	0.0	9.0	0.0	0.0	Osrednjeslovenska	1.0
326.0	295.0	2010.0	A	130.0	1038223.0	1038223.0	3803.0	19.0	A	1.0	27.0	10.0	0.0	1.0	0.0	1487.0	0.0	Osrednjeslovenska	1.0
327.0	297.0	2010.0	A	130.0	1038199.0	1038199.0	3803.0	14.0	C	1.0	19.0	10.0	0.0	1.0	19.0	0.0	0.0	Osrednjeslovenska	1.0
328.0	312.0	2010.0	A	130.0	1038230.0	1038230.0	3803.0	20.0	A	1.0	21.0	11.0	0.0	3.0	0.0	1487.0	0.0	Osrednjeslovenska	1.0
329.0	317.0	2010.0	A	130.0	1038231.0	1038231.0	3803.0	20.0	B	1.0	19.0	8.0	0.0	0.0	0.0	1487.0	0.0	Osrednjeslovenska	1.0
330.0	314.0	2010.0	A	130.0	1038192.0	1038192.0	3803.0	12.0	A	1.0	30.0	14.0	0.0	0.0	26.0	0.0	0.0	Osrednjeslovenska	1.0
331.0	284.0	2010.0	A	130.0	1038193.0	1038193.0	3803.0	12.0	B	1.0	26.0	12.0	0.0	1.0	24.0	0.0	0.0	Osrednjeslovenska	1.0
332.0	313.0	2010.0	A	130.0	1038202.0	1038202.0	3803.0	15.0	A	1.0	20.0	12.0	0.0	1.0	20.0	1487.0	0.0	Osrednjeslovenska	1.0
333.0	294.0	2010.0	A	130.0	1038205.0	1038205.0	3803.0	15.0	B	1.0	21.0	12.0	0.0	0.0	17.0	1487.0	0.0	Osrednjeslovenska	1.0
334.0	946.0	2010.0	A	130.0	1038207.0	1038207.0	3803.0	15.0	C	1.0	21.0	14.0	0.0	1.0	19.0	1487.0	0.0	Osrednjeslovenska	1.0
335.0	947.0	2010.0	A	130.0	1038209.0	1038209.0	3803.0	16.0	A	1.0	27.0	13.0	0.0	0.0	0.0	1487.0	0.0	Osrednjeslovenska	1.0
336.0	949.0	2010.0	A	130.0	1038211.0	1038211.0	3803.0	16.0	B	1.0	27.0	12.0	0.0	0.0	0.0	1487.0	0.0	Osrednjeslovenska	1.0
337.0	950.0	2010.0	A	130.0	1038213.0	1038213.0	3803.0	17.0	A	1.0	24.0	9.0	0.0	0.0	0.0	1487.0	0.0	Osrednjeslovenska	1.0
338.0	300.0	2010.0	A	130.0	1038214.0	1038214.0	3803.0	17.0	B	1.0	24.0	7.0	0.0	1.0	0.0	1487.0	0.0	Osrednjeslovenska	1.0
339.0	288.0	2010.0	A	130.0	1038218.0	1038218.0	3803.0	18.0	A	1.0	23.0	14.0	0.0	2.0	0.0	1487.0	0.0	Osrednjeslovenska	1.0
340.0	302.0	2010.0	A	130.0	1038221.0	1038221.0	3803.0	18.0	B	1.0	26.0	13.0	0.0	0.0	0.0	1487.0	0.0	Osrednjeslovenska	1.0
343.0	962.0	2010.0	A	130.0	1038195.0	1038195.0	3803.0	13.0	A	1.0	28.0	11.0	0.0	0.0	27.0	0.0	0.0	Osrednjeslovenska	1.0
344.0	270.0	2010.0	A	130.0	1038196.0	1038196.0	3803.0	13.0	B	1.0	26.0	11.0	0.0	0.0	26.0	0.0	0.0	Osrednjeslovenska	1.0
345.0	305.0	2010.0	A	130.0	1038197.0	1038197.0	3803.0	14.0	A	1.0	20.0	9.0	0.0	0.0	17.0	0.0	0.0	Osrednjeslovenska	1.0
346.0	306.0	2010.0	A	130.0	1038198.0	1038198.0	3803.0	14.0	B	1.0	22.0	10.0	0.0	0.0	22.0	0.0	0.0	Osrednjeslovenska	1.0
347.0	271.0	2010.0	A	130.0	1038228.0	1038228.0	3803.0	19.0	B	1.0	25.0	12.0	0.0	2.0	0.0	1487.0	0.0	Osrednjeslovenska	1.0
348.0	303.0	2010.0	A	131.0	1046593.0	1046593.0	3803.0	18.0	A	1.0	15.0	9.0	0.0	2.0	0.0	1487.0	0.0	Osrednjeslovenska	1.0
349.0	291.0	2010.0	A	131.0	1046587.0	1046587.0	3803.0	15.0	B	1.0	18.0	7.0	0.0	0.0	15.0	1487.0	0.0	Osrednjeslovenska	1.0
350.0	285.0	2010.0	A	131.0	1046595.0	1046595.0	3803.0	19.0	A	1.0	24.0	12.0	0.0	2.0	0.0	1487.0	0.0	Osrednjeslovenska	1.0
351.0	301.0	2010.0	A	131.0	1046596.0	1046596.0	3803.0	19.0	B	1.0	24.0	13.0	0.0	0.0	0.0	1487.0	0.0	Osrednjeslovenska	1.0
352.0	286.0	2010.0	A	131.0	1046597.0	1046597.0	3803.0	20.0	A	1.0	20.0	10.0	0.0	0.0	0.0	1487.0	0.0	Osrednjeslovenska	1.0
353.0	287.0	2010.0	A	131.0	1046577.0	1046577.0	3803.0	12.0	A	1.0	26.0	14.0	0.0	0.0	24.0	0.0	0.0	Osrednjeslovenska	1.0
354.0	614.0	2010.0	A	131.0	1046578.0	1046578.0	3803.0	12.0	B	1.0	25.0	13.0	0.0	0.0	25.0	0.0	0.0	Osrednjeslovenska	1.0
355.0	316.0	2010.0	A	131.0	1046579.0	1046579.0	3803.0	13.0	A	1.0	23.0	10.0	0.0	0.0	21.0	0.0	0.0	Osrednjeslovenska	1.0
356.0	605.0	2010.0	A	131.0	1046580.0	1046580.0	3803.0	13.0	B	1.0	23.0	10.0	0.0	0.0	21.0	0.0	0.0	Osrednjeslovenska	1.0
357.0	945.0	2010.0	A	131.0	1046588.0	1046588.0	3803.0	15.0	C	1.0	19.0	10.0	0.0	0.0	13.0	1487.0	0.0	Osrednjeslovenska	1.0
358.0	3767.0	2010.0	A	131.0	1046589.0	1046589.0	3803.0	16.0	A	1.0	20.0	11.0	0.0	0.0	6.0	1487.0	0.0	Osrednjeslovenska	1.0
359.0	340.0	2010.0	A	131.0	1046590.0	1046590.0	3803.0	16.0	B	1.0	21.0	12.0	0.0	1.0	11.0	1487.0	0.0	Savinjska	1.0
360.0	333.0	2010.0	A	131.0	1046591.0	1046591.0	3803.0	17.0	A	1.0	23.0	10.0	0.0	1.0	0.0	1487.0	0.0	Pomurska	1.0
361.0	329.0	2010.0	A	131.0	1046592.0	1046592.0	3803.0	17.0	B	1.0	22.0	12.0	0.0	0.0	0.0	1487.0	0.0	Pomurska	1.0
362.0	328.0	2010.0	A	131.0	1046598.0	1046598.0	3803.0	20.0	B	1.0	22.0	13.0	0.0	3.0	0.0	1487.0	0.0	Pomurska	1.0
363.0	330.0	2010.0	A	131.0	1046581.0	1046581.0	3803.0	14.0	A	1.0	23.0	11.0	0.0	1.0	20.0	0.0	0.0	Pomurska	1.0
364.0	709.0	2010.0	A	131.0	1046584.0	1046584.0	3803.0	14.0	B	1.0	22.0	10.0	0.0	0.0	19.0	0.0	0.0	Pomurska	1.0
365.0	334.0	2010.0	A	131.0	1046585.0	1046585.0	3803.0	14.0	C	1.0	19.0	8.0	0.0	0.0	17.0	0.0	0.0	Osrednjeslovenska	1.0
366.0	730.0	2010.0	A	131.0	1046586.0	1046586.0	3803.0	15.0	A	1.0	20.0	9.0	0.0	1.0	13.0	1487.0	0.0	Osrednjeslovenska	1.0
367.0	335.0	2010.0	A	131.0	1046594.0	1046594.0	3803.0	18.0	B	1.0	18.0	10.0	0.0	1.0	0.0	1487.0	0.0	Osrednjeslovenska	1.0
368.0	731.0	2010.0	A	132.0	1043037.0	1043037.0	3803.0	13.0	B	1.0	21.0	10.0	0.0	1.0	21.0	0.0	0.0	Osrednjeslovenska	1.0
369.0	732.0	2010.0	A	132.0	1043092.0	1043092.0	3803.0	20.0	B	1.0	19.0	8.0	0.0	1.0	0.0	1487.0	0.0	Osrednjeslovenska	1.0
370.0	1234.0	2010.0	A	132.0	1043088.0	1043088.0	3803.0	18.0	B	1.0	21.0	11.0	0.0	1.0	0.0	1487.0	0.0	Osrednjeslovenska	1.0
371.0	1238.0	2010.0	A	132.0	1043089.0	1043089.0	3803.0	19.0	A	1.0	17.0	9.0	0.0	1.0	0.0	1487.0	0.0	Osrednjeslovenska	1.0
372.0	534.0	2010.0	A	132.0	1043091.0	1043091.0	3803.0	20.0	A	1.0	20.0	8.0	0.0	2.0	0.0	1487.0	0.0	Osrednjeslovenska	1.0
373.0	867.0	2010.0	A	132.0	1043027.0	1043027.0	3803.0	12.0	A	1.0	24.0	11.0	0.0	0.0	24.0	0.0	0.0	Osrednjeslovenska	1.0
374.0	148.0	2010.0	A	132.0	1043030.0	1043030.0	3803.0	12.0	B	1.0	23.0	10.0	0.0	0.0	23.0	0.0	0.0	Notranjsko-Kraška	1.0
375.0	705.0	2010.0	A	132.0	1043034.0	1043034.0	3803.0	13.0	A	1.0	21.0	11.0	0.0	1.0	20.0	0.0	0.0	Notranjsko-Kraška	1.0
376.0	448.0	2010.0	A	132.0	1043041.0	1043041.0	3803.0	14.0	A	1.0	20.0	11.0	0.0	1.0	20.0	0.0	0.0	Jugovzhodna Slovenija	1.0
377.0	3744.0	2010.0	A	132.0	1043045.0	1043045.0	3803.0	14.0	B	1.0	21.0	12.0	0.0	1.0	21.0	0.0	0.0	Jugovzhodna Slovenija	1.0
378.0	1203.0	2010.0	A	132.0	1043074.0	1043074.0	3803.0	15.0	A	1.0	17.0	10.0	0.0	0.0	17.0	1487.0	0.0	Podravska	1.0
379.0	341.0	2010.0	A	132.0	1043076.0	1043076.0	3803.0	15.0	B	1.0	17.0	10.0	0.0	1.0	17.0	1487.0	0.0	Savinjska	1.0
380.0	711.0	2010.0	A	132.0	1043079.0	1043079.0	3803.0	16.0	A	1.0	23.0	11.0	0.0	0.0	23.0	1487.0	0.0	Savinjska	1.0
381.0	157.0	2010.0	A	132.0	1043081.0	1043081.0	3803.0	16.0	B	1.0	22.0	11.0	0.0	1.0	21.0	1487.0	0.0	Osrednjeslovenska	1.0
382.0	671.0	2010.0	A	132.0	1043086.0	1043086.0	3803.0	17.0	B	1.0	21.0	13.0	0.0	1.0	0.0	1487.0	0.0	Osrednjeslovenska	1.0
383.0	672.0	2010.0	A	132.0	1043087.0	1043087.0	3803.0	18.0	A	1.0	20.0	10.0	0.0	1.0	0.0	1487.0	0.0	Osrednjeslovenska	1.0
384.0	422.0	2010.0	A	132.0	1043090.0	1043090.0	3803.0	19.0	B	1.0	17.0	8.0	0.0	1.0	0.0	1487.0	0.0	Podravska	1.0
385.0	767.0	2010.0	A	132.0	1043084.0	1043084.0	3803.0	17.0	A	1.0	20.0	12.0	0.0	1.0	0.0	1487.0	0.0	Podravska	1.0
387.0	476.0	2010.0	A	133.0	1043901.0	1043901.0	3803.0	18.0	B	1.0	21.0	12.0	0.0	2.0	0.0	1487.0	0.0	Podravska	1.0
388.0	559.0	2010.0	A	133.0	1043902.0	1043902.0	3803.0	19.0	A	1.0	26.0	10.0	0.0	3.0	0.0	1487.0	0.0	Podravska	1.0
391.0	553.0	2010.0	A	133.0	1043903.0	1043903.0	3803.0	19.0	B	1.0	25.0	13.0	0.0	1.0	0.0	1487.0	0.0	Podravska	1.0
392.0	557.0	2010.0	A	133.0	1043904.0	1043904.0	3803.0	20.0	A	1.0	17.0	10.0	0.0	2.0	0.0	1487.0	0.0	Podravska	1.0
393.0	560.0	2010.0	A	133.0	1043905.0	1043905.0	3803.0	20.0	B	1.0	16.0	7.0	0.0	1.0	0.0	1487.0	0.0	Podravska	1.0
394.0	556.0	2010.0	A	133.0	1043888.0	1043888.0	3803.0	12.0	A	1.0	18.0	8.0	0.0	2.0	17.0	0.0	0.0	Podravska	1.0
395.0	933.0	2010.0	A	133.0	1043889.0	1043889.0	3803.0	12.0	B	1.0	19.0	9.0	0.0	1.0	19.0	0.0	0.0	Podravska	1.0
396.0	563.0	2010.0	A	133.0	1043890.0	1043890.0	3803.0	13.0	A	1.0	25.0	11.0	0.0	1.0	25.0	0.0	0.0	Podravska	1.0
397.0	561.0	2010.0	A	133.0	1043891.0	1043891.0	3803.0	13.0	B	1.0	26.0	9.0	0.0	1.0	26.0	0.0	0.0	Podravska	1.0
399.0	564.0	2010.0	A	133.0	1043892.0	1043892.0	3803.0	14.0	A	1.0	24.0	13.0	0.0	0.0	19.0	0.0	0.0	Podravska	1.0
400.0	934.0	2010.0	A	133.0	1043893.0	1043893.0	3803.0	14.0	B	1.0	25.0	14.0	0.0	1.0	22.0	0.0	0.0	Podravska	1.0
404.5	943.0	2010.0	A	133.0	1043894.0	1043894.0	3803.0	15.0	A	1.0	25.0	13.0	0.0	0.0	19.0	1487.0	0.0	Podravska	1.0
401.0	555.0	2010.0	A	133.0	1043895.0	1043895.0	3803.0	15.0	B	1.0	23.0	11.0	0.0	0.0	19.0	1487.0	0.0	Podravska	1.0
402.0	562.0	2010.0	A	133.0	1043896.0	1043896.0	3803.0	16.0	A	1.0	20.0	7.0	0.0	2.0	5.0	1487.0	0.0	Podravska	1.0
403.0	567.0	2010.0	A	133.0	1043897.0	1043897.0	3803.0	16.0	B	1.0	22.0	12.0	0.0	1.0	4.0	1487.0	0.0	Podravska	1.0
404.0	565.0	2010.0	A	133.0	1043898.0	1043898.0	3803.0	17.0	A	1.0	26.0	11.0	0.0	1.0	0.0	1487.0	0.0	Podravska	1.0
405.0	580.0	2010.0	A	133.0	1043899.0	1043899.0	3803.0	17.0	B	1.0	28.0	15.0	0.0	0.0	0.0	1487.0	0.0	Podravska	1.0
406.0	581.0	2010.0	A	133.0	1043900.0	1043900.0	3803.0	18.0	A	1.0	22.0	10.0	0.0	3.0	0.0	1487.0	0.0	Podravska	1.0
410.0	554.0	2010.0	A	134.0	1045001.0	1045001.0	3803.0	18.0	B	1.0	18.0	9.0	0.0	1.0	0.0	1487.0	0.0	Podravska	1.0
413.0	417.0	2010.0	A	134.0	1045002.0	1045002.0	3803.0	19.0	A	1.0	17.0	11.0	0.0	3.0	0.0	1487.0	0.0	Podravska	1.0
414.0	308.0	2010.0	A	134.0	1045003.0	1045003.0	3803.0	19.0	B	1.0	19.0	12.0	0.0	1.0	0.0	1487.0	0.0	Osrednjeslovenska	1.0
415.0	965.0	2010.0	A	134.0	1045004.0	1045004.0	3803.0	20.0	A	1.0	16.0	6.0	0.0	1.0	0.0	1487.0	0.0	Osrednjeslovenska	1.0
416.0	747.0	2010.0	A	134.0	1045005.0	1045005.0	3803.0	20.0	B	1.0	19.0	10.0	0.0	1.0	0.0	1487.0	0.0	Osrednjeslovenska	1.0
417.0	310.0	2010.0	A	134.0	1044987.0	1044987.0	3803.0	12.0	A	1.0	19.0	9.0	0.0	2.0	18.0	0.0	0.0	Osrednjeslovenska	1.0
418.0	309.0	2010.0	A	134.0	1044988.0	1044988.0	3803.0	12.0	B	1.0	23.0	12.0	0.0	0.0	22.0	0.0	0.0	Osrednjeslovenska	1.0
419.0	307.0	2010.0	A	134.0	1044989.0	1044989.0	3803.0	12.0	C	1.0	24.0	12.0	0.0	0.0	24.0	0.0	0.0	Osrednjeslovenska	1.0
420.0	164.0	2010.0	A	134.0	1044990.0	1044990.0	3803.0	13.0	A	1.0	24.0	15.0	0.0	0.0	22.0	0.0	0.0	Osrednjeslovenska	1.0
421.0	338.0	2010.0	A	134.0	1044991.0	1044991.0	3803.0	13.0	B	1.0	24.0	13.0	0.0	1.0	23.0	0.0	0.0	Jugovzhodna Slovenija	1.0
422.0	336.0	2010.0	A	134.0	1044992.0	1044992.0	3803.0	14.0	A	1.0	22.0	13.0	0.0	1.0	19.0	0.0	0.0	Jugovzhodna Slovenija	1.0
423.0	710.0	2010.0	A	134.0	1044993.0	1044993.0	3803.0	14.0	B	1.0	22.0	12.0	0.0	1.0	21.0	0.0	0.0	Jugovzhodna Slovenija	1.0
424.0	443.0	2010.0	A	134.0	1044994.0	1044994.0	3803.0	15.0	A	1.0	22.0	9.0	0.0	1.0	13.0	1487.0	0.0	Koroška	1.0
425.0	576.0	2010.0	A	134.0	1044995.0	1044995.0	3803.0	15.0	B	1.0	25.0	10.0	0.0	2.0	19.0	1487.0	0.0	Podravska	1.0
426.0	935.0	2010.0	A	134.0	1044996.0	1044996.0	3803.0	16.0	A	1.0	21.0	8.0	0.0	0.0	7.0	1487.0	0.0	Podravska	1.0
427.0	368.0	2010.0	A	134.0	1044997.0	1044997.0	3803.0	16.0	B	1.0	21.0	13.0	0.0	0.0	14.0	1487.0	0.0	Goriška	1.0
428.0	926.0	2010.0	A	134.0	1044998.0	1044998.0	3803.0	17.0	A	1.0	24.0	14.0	0.0	0.0	0.0	1487.0	0.0	Goriška	1.0
429.0	927.0	2010.0	A	134.0	1044999.0	1044999.0	3803.0	17.0	B	1.0	24.0	12.0	0.0	1.0	0.0	1487.0	0.0	Goriška	1.0
430.0	380.0	2010.0	A	134.0	1045000.0	1045000.0	3803.0	18.0	A	1.0	18.0	8.0	0.0	0.0	0.0	1487.0	0.0	Jugovzhodna Slovenija	1.0
443.0	721.0	2010.0	A	135.0	1040915.0	1040915.0	3803.0	17.0	A	1.0	26.0	9.0	0.0	2.0	0.0	1487.0	0.0	Pomurska	1.0
444.0	722.0	2010.0	A	135.0	1040917.0	1040917.0	3803.0	17.0	B	1.0	25.0	7.0	0.0	1.0	0.0	1487.0	0.0	Pomurska	1.0
445.0	339.0	2010.0	A	135.0	1040921.0	1040921.0	3803.0	19.0	A	1.0	26.0	12.0	0.0	4.0	0.0	1487.0	0.0	Savinjska	1.0
447.0	715.0	2010.0	A	135.0	1040909.0	1040909.0	3803.0	15.0	A	1.0	28.0	15.0	0.0	2.0	22.0	1487.0	0.0	Savinjska	1.0
448.0	343.0	2010.0	A	135.0	1040911.0	1040911.0	3803.0	15.0	B	1.0	27.0	14.0	0.0	2.0	25.0	1487.0	0.0	Pomurska	1.0
449.0	726.0	2010.0	A	135.0	1040912.0	1040912.0	3803.0	16.0	A	1.0	28.0	19.0	0.0	0.0	3.0	1487.0	0.0	Pomurska	1.0
450.0	634.0	2010.0	A	135.0	1040914.0	1040914.0	3803.0	16.0	B	1.0	24.0	14.0	0.0	2.0	4.0	1487.0	0.0	Pomurska	1.0
451.0	636.0	2010.0	A	135.0	1040925.0	1040925.0	3803.0	20.0	B	1.0	25.0	11.0	0.0	2.0	0.0	1487.0	0.0	Pomurska	1.0
452.0	635.0	2010.0	A	135.0	1040894.0	1040894.0	3803.0	12.0	A	1.0	22.0	9.0	0.0	0.0	21.0	0.0	0.0	Pomurska	1.0
453.0	781.0	2010.0	A	135.0	1040897.0	1040897.0	3803.0	12.0	B	1.0	23.0	9.0	0.0	0.0	22.0	0.0	0.0	Pomurska	1.0
454.0	429.0	2010.0	A	135.0	1040899.0	1040899.0	3803.0	12.0	C	1.0	18.0	9.0	0.0	1.0	16.0	0.0	0.0	Koroška	1.0
455.0	1312.0	2010.0	A	135.0	1040901.0	1040901.0	3803.0	13.0	A	1.0	30.0	15.0	0.0	0.0	30.0	0.0	0.0	Gorenjska	1.0
456.0	1313.0	2010.0	A	135.0	1040902.0	1040902.0	3803.0	13.0	B	1.0	29.0	13.0	0.0	0.0	27.0	0.0	0.0	Gorenjska	1.0
457.0	1314.0	2010.0	A	135.0	1040903.0	1040903.0	3803.0	14.0	A	1.0	30.0	16.0	0.0	0.0	27.0	0.0	0.0	Gorenjska	1.0
458.0	1374.0	2010.0	A	135.0	1040907.0	1040907.0	3803.0	14.0	B	1.0	29.0	14.0	0.0	1.0	26.0	0.0	0.0	Savinjska	1.0
459.0	1375.0	2010.0	A	135.0	1040918.0	1040918.0	3803.0	18.0	A	1.0	25.0	16.0	0.0	1.0	0.0	1487.0	0.0	Savinjska	1.0
460.0	371.0	2010.0	A	135.0	1040919.0	1040919.0	3803.0	18.0	B	1.0	26.0	17.0	0.0	4.0	0.0	1487.0	0.0	Goriška	1.0
461.0	370.0	2010.0	A	135.0	1040922.0	1040922.0	3803.0	19.0	B	1.0	26.0	12.0	0.0	0.0	0.0	1487.0	0.0	Goriška	1.0
462.0	925.0	2010.0	A	135.0	1040923.0	1040923.0	3803.0	20.0	A	1.0	25.0	12.0	0.0	5.0	0.0	1487.0	0.0	Goriška	1.0
469.0	3547.0	2010.0	A	136.0	1040683.0	1040683.0	3803.0	14.0	A	1.0	27.0	10.0	0.0	1.0	21.0	0.0	0.0	Goriška	1.0
470.0	357.0	2010.0	A	136.0	1040694.0	1040694.0	3803.0	16.0	A	1.0	21.0	9.0	0.0	0.0	12.0	1487.0	0.0	Goriška	1.0
471.0	9854.0	2010.0	A	136.0	1040673.0	1040673.0	3803.0	12.0	A	1.0	24.0	12.0	0.0	0.0	24.0	0.0	0.0	Jugovzhodna Slovenija	1.0
472.0	372.0	2010.0	A	136.0	1040675.0	1040675.0	3803.0	12.0	B	1.0	26.0	13.0	0.0	0.0	25.0	0.0	0.0	Jugovzhodna Slovenija	1.0
473.0	383.0	2010.0	A	136.0	1040677.0	1040677.0	3803.0	13.0	A	1.0	26.0	14.0	0.0	1.0	25.0	0.0	0.0	Jugovzhodna Slovenija	1.0
474.0	376.0	2010.0	A	136.0	1040680.0	1040680.0	3803.0	13.0	B	1.0	25.0	11.0	0.0	1.0	22.0	0.0	0.0	Jugovzhodna Slovenija	1.0
475.0	736.0	2010.0	A	136.0	1040697.0	1040697.0	3803.0	16.0	B	1.0	25.0	13.0	0.0	2.0	6.0	1487.0	0.0	Jugovzhodna Slovenija	1.0
476.0	384.0	2010.0	A	136.0	1040700.0	1040700.0	3803.0	17.0	A	1.0	24.0	10.0	0.0	2.0	0.0	1487.0	0.0	Jugovzhodna Slovenija	1.0
477.0	739.0	2010.0	A	136.0	1040702.0	1040702.0	3803.0	17.0	B	1.0	27.0	14.0	0.0	2.0	0.0	1487.0	0.0	Jugovzhodna Slovenija	1.0
478.0	740.0	2010.0	A	136.0	1040706.0	1040706.0	3803.0	18.0	A	1.0	22.0	11.0	0.0	0.0	0.0	1487.0	0.0	Jugovzhodna Slovenija	1.0
479.0	375.0	2010.0	A	136.0	1040709.0	1040709.0	3803.0	18.0	B	1.0	24.0	14.0	0.0	3.0	0.0	1487.0	0.0	Jugovzhodna Slovenija	1.0
480.0	738.0	2010.0	A	136.0	1040719.0	1040719.0	3803.0	20.0	B	1.0	20.0	10.0	0.0	2.0	0.0	1487.0	0.0	Jugovzhodna Slovenija	1.0
481.0	374.0	2010.0	A	136.0	1040711.0	1040711.0	3803.0	19.0	A	1.0	21.0	11.0	0.0	0.0	0.0	1487.0	0.0	Jugovzhodna Slovenija	1.0
482.0	377.0	2010.0	A	136.0	1040713.0	1040713.0	3803.0	19.0	B	1.0	20.0	13.0	0.0	1.0	0.0	1487.0	0.0	Jugovzhodna Slovenija	1.0
483.0	261.0	2010.0	A	136.0	1040716.0	1040716.0	3803.0	20.0	A	1.0	16.0	7.0	0.0	1.0	0.0	1487.0	0.0	Pomurska	1.0
484.0	472.0	2010.0	A	136.0	1040688.0	1040688.0	3803.0	15.0	A	1.0	27.0	15.0	0.0	1.0	19.0	1487.0	0.0	Podravska	1.0
485.0	816.0	2010.0	A	136.0	1040691.0	1040691.0	3803.0	15.0	B	1.0	21.0	11.0	0.0	1.0	15.0	1487.0	0.0	Podravska	1.0
486.0	815.0	2010.0	A	136.0	1040686.0	1040686.0	3803.0	14.0	B	1.0	27.0	11.0	0.0	1.0	25.0	0.0	0.0	Podravska	1.0
487.0	394.0	2010.0	A	137.0	1040733.0	1040733.0	3803.0	18.0	B	1.0	19.0	8.0	0.0	2.0	0.0	1487.0	0.0	Podravska	1.0
491.0	748.0	2010.0	A	137.0	1040725.0	1040725.0	3803.0	16.0	B	1.0	16.0	9.0	0.0	0.0	0.0	1487.0	0.0	Podravska	1.0
492.0	1233.0	2010.0	A	137.0	1040728.0	1040728.0	3803.0	17.0	A	1.0	18.0	7.0	0.0	0.0	0.0	1487.0	0.0	Podravska	1.0
494.0	583.0	2010.0	A	137.0	1040729.0	1040729.0	3803.0	17.0	B	1.0	22.0	12.0	0.0	1.0	0.0	1487.0	0.0	Podravska	1.0
495.0	902.0	2010.0	A	137.0	1040730.0	1040730.0	3803.0	18.0	A	1.0	21.0	8.0	0.0	1.0	0.0	1487.0	0.0	Podravska	1.0
496.0	587.0	2010.0	A	137.0	1040695.0	1040695.0	3803.0	12.0	A	1.0	28.0	16.0	0.0	0.0	28.0	0.0	0.0	Podravska	1.0
497.0	586.0	2010.0	A	137.0	1040699.0	1040699.0	3803.0	12.0	B	1.0	27.0	13.0	0.0	0.0	26.0	0.0	0.0	Podravska	1.0
498.0	398.0	2010.0	A	137.0	1040703.0	1040703.0	3803.0	13.0	A	1.0	26.0	16.0	0.0	0.0	26.0	0.0	0.0	Obalno-Kraška	1.0
499.0	749.0	2010.0	A	137.0	1040707.0	1040707.0	3803.0	13.0	B	1.0	27.0	15.0	0.0	1.0	27.0	0.0	0.0	Obalno-Kraška	1.0
500.0	751.0	2010.0	A	137.0	1040710.0	1040710.0	3803.0	14.0	A	1.0	27.0	14.0	0.0	2.0	27.0	0.0	0.0	Obalno-Kraška	1.0
501.0	400.0	2010.0	A	137.0	1040721.0	1040721.0	3803.0	15.0	B	1.0	19.0	8.0	0.0	1.0	19.0	1487.0	0.0	Obalno-Kraška	1.0
502.0	754.0	2010.0	A	137.0	1040723.0	1040723.0	3803.0	16.0	A	1.0	17.0	9.0	0.0	3.0	17.0	1487.0	0.0	Obalno-Kraška	1.0
503.0	396.0	2010.0	A	137.0	1040712.0	1040712.0	3803.0	14.0	B	1.0	26.0	12.0	0.0	0.0	26.0	0.0	0.0	Obalno-Kraška	1.0
504.0	752.0	2010.0	A	137.0	1040718.0	1040718.0	3803.0	15.0	A	1.0	19.0	10.0	0.0	0.0	19.0	1487.0	0.0	Obalno-Kraška	1.0
505.0	399.0	2010.0	A	137.0	1040740.0	1040740.0	3803.0	20.0	A	1.0	16.0	10.0	0.0	3.0	0.0	1487.0	0.0	Obalno-Kraška	1.0
506.0	753.0	2010.0	A	137.0	1040743.0	1040743.0	3803.0	20.0	B	1.0	18.0	9.0	0.0	1.0	0.0	1487.0	0.0	Obalno-Kraška	1.0
507.0	404.0	2010.0	A	137.0	1040738.0	1040738.0	3803.0	19.0	B	1.0	22.0	10.0	0.0	2.0	0.0	1487.0	0.0	Notranjsko-Kraška	1.0
509.0	755.0	2010.0	A	137.0	1040736.0	1040736.0	3803.0	19.0	A	1.0	21.0	10.0	0.0	4.0	0.0	1487.0	0.0	Notranjsko-Kraška	1.0
511.0	501.0	2020.0	OŠPP	138.0	1035575.0	1035575.0	3813.0	12.0	A	1.0	7.0	0.0	0.0	0.0	7.0	0.0	0.0	Savinjska	1.0
13.1	22415.0	2020.0	OŠPP	138.0	1035578.0	1035578.0	3813.0	14.0	A	1.0	8.0	5.0	0.0	0.0	8.0	0.0	0.0	Obalno-Kraška	1.0
512.0	785.0	2020.0	OŠPP	138.0	1035580.0	1035580.0	3813.0	15.0	A	1.0	9.0	2.0	0.0	0.0	7.0	1487.0	0.0	Savinjska	1.0
513.0	420.0	2020.0	OŠPP	138.0	1035577.0	1035577.0	3813.0	13.0	A	1.0	9.0	5.0	0.0	0.0	8.0	0.0	0.0	Podravska	1.0
514.0	427.0	2020.0	OŠPP	138.0	1035585.0	1035585.0	3813.0	16.0	A	1.0	9.0	4.0	0.0	0.0	5.0	1487.0	0.0	Koroška	1.0
515.0	770.0	2020.0	OŠPP	138.0	1035588.0	1035588.0	3813.0	17.0	A	1.0	11.0	4.0	0.0	0.0	9.0	1487.0	0.0	Koroška	1.0
517.0	772.0	2020.0	OŠPP	138.0	1038568.0	1038566.0	3813.0	17.0	6. razred	0.0	5.0	6.0	0.0	0.0	0.0	2.0	1487.0	Koroška	2.0
518.0	475.0	2020.0	OŠPP	138.0	1035595.0	1035595.0	3813.0	19.0	A	1.0	11.0	7.0	0.0	0.0	6.0	1487.0	0.0	Podravska	1.0
519.0	551.0	2020.0	OŠPP	138.0	1035597.0	1035597.0	3813.0	19.0	B	1.0	10.0	5.0	0.0	0.0	4.0	1487.0	0.0	Savinjska	1.0
520.0	878.0	2020.0	OŠPP	138.0	1035599.0	1035599.0	3813.0	20.0	A	1.0	7.0	2.0	0.0	0.0	2.0	1487.0	0.0	Savinjska	1.0
521.0	406.0	2020.0	OŠPP	138.0	1035601.0	1035601.0	3813.0	20.0	B	1.0	8.0	4.0	0.0	0.0	1.0	1487.0	0.0	Notranjsko-Kraška	1.0
522.0	402.0	2020.0	OŠPP	138.0	1038567.0	1038566.0	3813.0	16.0	5. razred	0.0	5.0	5.0	3.0	0.0	0.0	3.0	1487.0	Notranjsko-Kraška	2.0
523.0	758.0	2020.0	OŠPP	138.0	1035593.0	1035593.0	3813.0	18.0	A	1.0	8.0	3.0	0.0	0.0	4.0	1487.0	0.0	Notranjsko-Kraška	1.0
524.0	759.0	2010.0	A	140.0	1039042.0	1039042.0	3803.0	12.0	B	1.0	16.0	10.0	0.0	0.0	13.0	0.0	0.0	Notranjsko-Kraška	1.0
525.0	760.0	2010.0	A	140.0	1039044.0	1039044.0	3803.0	13.0	A	1.0	26.0	15.0	0.0	3.0	26.0	0.0	0.0	Notranjsko-Kraška	1.0
526.0	401.0	2010.0	A	140.0	1039046.0	1039046.0	3803.0	15.0	A	1.0	13.0	6.0	0.0	1.0	10.0	1487.0	0.0	Notranjsko-Kraška	1.0
527.0	757.0	2010.0	A	140.0	1039047.0	1039047.0	3803.0	15.0	B	1.0	17.0	9.0	0.0	2.0	15.0	1487.0	0.0	Notranjsko-Kraška	1.0
528.0	550.0	2010.0	A	140.0	1039048.0	1039048.0	3803.0	16.0	A	1.0	23.0	8.0	0.0	1.0	14.0	1487.0	0.0	Savinjska	1.0
529.0	231.0	2010.0	A	140.0	1039049.0	1039049.0	3803.0	17.0	A	1.0	21.0	8.0	0.0	1.0	0.0	1487.0	0.0	Gorenjska	1.0
530.0	980.0	2010.0	A	140.0	1039045.0	1039045.0	3803.0	14.0	A	1.0	23.0	10.0	0.0	2.0	18.0	0.0	0.0	Gorenjska	1.0
533.0	780.0	2010.0	A	140.0	1039095.0	1039095.0	3803.0	19.0	A	1.0	10.0	3.0	0.0	0.0	0.0	1487.0	0.0	Koroška	1.0
534.0	791.0	2010.0	A	140.0	1039099.0	1039099.0	3803.0	20.0	A	1.0	20.0	14.0	0.0	3.0	0.0	1487.0	0.0	Koroška	1.0
535.0	792.0	2010.0	A	140.0	1039037.0	1039037.0	3803.0	12.0	A	1.0	17.0	11.0	0.0	0.0	15.0	0.0	0.0	Koroška	1.0
536.0	410.0	2010.0	A	140.0	1039050.0	1039050.0	3803.0	18.0	A	1.0	19.0	12.0	0.0	3.0	0.0	1487.0	0.0	Podravska	1.0
537.0	761.0	2010.0	A	141.0	1042819.0	1042819.0	3803.0	20.0	A	1.0	24.0	12.0	0.0	2.0	0.0	1487.0	0.0	Podravska	1.0
538.0	409.0	2010.0	A	141.0	1042802.0	1042802.0	3803.0	17.0	A	1.0	22.0	8.0	0.0	0.0	0.0	1487.0	0.0	Podravska	1.0
539.0	407.0	2010.0	A	141.0	1042823.0	1042823.0	3803.0	20.0	C	1.0	25.0	13.0	0.0	0.0	0.0	1487.0	0.0	Podravska	1.0
548.0	175.0	2010.0	A	141.0	1042804.0	1042804.0	3803.0	17.0	B	1.0	22.0	8.0	0.0	1.0	0.0	1487.0	0.0	Pomurska	1.0
549.0	174.0	2010.0	A	141.0	1042805.0	1042805.0	3803.0	17.0	C	1.0	22.0	11.0	0.0	0.0	0.0	1487.0	0.0	Pomurska	1.0
550.0	425.0	2010.0	A	141.0	1042807.0	1042807.0	3803.0	17.0	D	1.0	22.0	10.0	0.0	2.0	0.0	1487.0	0.0	Koroška	1.0
551.0	774.0	2010.0	A	141.0	1042809.0	1042809.0	3803.0	18.0	A	1.0	20.0	10.0	0.0	3.0	0.0	1487.0	0.0	Koroška	1.0
552.0	3711.0	2010.0	A	141.0	1042810.0	1042810.0	3803.0	18.0	B	1.0	21.0	12.0	0.0	4.0	0.0	1487.0	0.0	Koroška	1.0
553.0	435.0	2010.0	A	141.0	1042812.0	1042812.0	3803.0	18.0	C	1.0	20.0	9.0	0.0	3.0	0.0	1487.0	0.0	Gorenjska	1.0
554.0	9877.0	2010.0	A	141.0	1042813.0	1042813.0	3803.0	19.0	A	1.0	22.0	13.0	0.0	0.0	0.0	1487.0	0.0	Gorenjska	1.0
555.0	433.0	2010.0	A	141.0	1042815.0	1042815.0	3803.0	19.0	B	1.0	25.0	13.0	0.0	2.0	0.0	1487.0	0.0	Gorenjska	1.0
556.0	886.0	2010.0	A	141.0	1042816.0	1042816.0	3803.0	19.0	C	1.0	27.0	9.0	0.0	1.0	0.0	1487.0	0.0	Gorenjska	1.0
557.0	431.0	2010.0	A	141.0	1042782.0	1042782.0	3803.0	12.0	A	1.0	28.0	9.0	0.0	0.0	26.0	0.0	0.0	Gorenjska	1.0
558.0	889.0	2010.0	A	141.0	1042784.0	1042784.0	3803.0	12.0	B	1.0	28.0	10.0	0.0	0.0	26.0	0.0	0.0	Gorenjska	1.0
559.0	888.0	2010.0	A	141.0	1042786.0	1042786.0	3803.0	13.0	A	1.0	25.0	15.0	0.0	1.0	22.0	0.0	0.0	Gorenjska	1.0
560.0	438.0	2010.0	A	141.0	1042787.0	1042787.0	3803.0	13.0	B	1.0	26.0	15.0	0.0	0.0	26.0	0.0	0.0	Koroška	1.0
561.0	439.0	2010.0	A	141.0	1042789.0	1042789.0	3803.0	14.0	A	1.0	23.0	9.0	0.0	1.0	20.0	0.0	0.0	Koroška	1.0
562.0	776.0	2010.0	A	141.0	1042791.0	1042791.0	3803.0	14.0	B	1.0	21.0	12.0	0.0	0.0	19.0	0.0	0.0	Koroška	1.0
563.0	327.0	2010.0	A	141.0	1042793.0	1042793.0	3803.0	14.0	C	1.0	20.0	11.0	0.0	0.0	15.0	0.0	0.0	Pomurska	1.0
564.0	6688.0	2010.0	A	141.0	1042794.0	1042794.0	3803.0	15.0	A	1.0	28.0	12.0	0.0	0.0	17.0	1487.0	0.0	Savinjska	1.0
565.0	369.0	2010.0	A	141.0	1042796.0	1042796.0	3803.0	15.0	B	1.0	27.0	12.0	0.0	1.0	23.0	1487.0	0.0	Goriška	1.0
566.0	922.0	2010.0	A	141.0	1042797.0	1042797.0	3803.0	16.0	A	1.0	20.0	7.0	0.0	1.0	5.0	1487.0	0.0	Goriška	1.0
567.0	445.0	2010.0	A	141.0	1042799.0	1042799.0	3803.0	16.0	B	1.0	21.0	10.0	0.0	2.0	14.0	1487.0	0.0	Jugovzhodna Slovenija	1.0
568.0	794.0	2010.0	A	141.0	1042800.0	1042800.0	3803.0	16.0	C	1.0	18.0	8.0	0.0	0.0	13.0	1487.0	0.0	Jugovzhodna Slovenija	1.0
569.0	795.0	2010.0	A	141.0	1042822.0	1042822.0	3803.0	20.0	B	1.0	23.0	11.0	0.0	3.0	0.0	1487.0	0.0	Jugovzhodna Slovenija	1.0
572.0	498.0	2010.0	A	142.0	1042683.0	1042683.0	3803.0	12.0	A	1.0	18.0	11.0	0.0	0.0	18.0	0.0	0.0	Savinjska	1.0
573.0	782.0	2010.0	A	142.0	1042684.0	1042684.0	3803.0	13.0	A	1.0	16.0	6.0	0.0	0.0	16.0	0.0	0.0	Savinjska	1.0
574.0	1240.0	2010.0	A	142.0	1042685.0	1042685.0	3803.0	14.0	A	1.0	15.0	6.0	0.0	0.0	14.0	0.0	0.0	Savinjska	1.0
575.0	354.0	2010.0	A	142.0	1042686.0	1042686.0	3803.0	15.0	A	1.0	16.0	3.0	0.0	0.0	16.0	1487.0	0.0	Pomurska	1.0
577.0	500.0	2010.0	A	142.0	1042688.0	1042688.0	3803.0	17.0	A	1.0	20.0	10.0	0.0	0.0	0.0	1487.0	0.0	Savinjska	1.0
578.0	783.0	2010.0	A	142.0	1042691.0	1042691.0	3803.0	18.0	A	1.0	16.0	9.0	0.0	0.0	0.0	1487.0	0.0	Savinjska	1.0
579.0	784.0	2010.0	A	142.0	1042694.0	1042694.0	3803.0	19.0	A	1.0	16.0	13.0	0.0	0.0	0.0	1487.0	0.0	Savinjska	1.0
580.0	588.0	2010.0	A	142.0	1042698.0	1042698.0	3803.0	20.0	A	1.0	24.0	11.0	0.0	0.0	0.0	1487.0	0.0	Podravska	1.0
582.0	900.0	2010.0	A	142.0	1042687.0	1042687.0	3803.0	16.0	A	1.0	16.0	8.0	0.0	0.0	15.0	1487.0	0.0	Podravska	1.0
583.0	901.0	2010.0	A	143.0	1040755.0	1040755.0	3803.0	12.0	A	1.0	21.0	11.0	0.0	0.0	21.0	0.0	0.0	Podravska	1.0
584.0	149.0	2010.0	A	143.0	1040780.0	1040780.0	3803.0	20.0	B	1.0	21.0	12.0	0.0	4.0	0.0	1487.0	0.0	Jugovzhodna Slovenija	1.0
585.0	669.0	2010.0	A	143.0	1040759.0	1040759.0	3803.0	13.0	A	1.0	21.0	9.0	0.0	0.0	19.0	0.0	0.0	Jugovzhodna Slovenija	1.0
586.0	450.0	2010.0	A	143.0	1040760.0	1040760.0	3803.0	13.0	B	1.0	18.0	9.0	0.0	1.0	18.0	0.0	0.0	Spodnjeposavska	1.0
587.0	449.0	2010.0	A	143.0	1040772.0	1040772.0	3803.0	16.0	B	1.0	20.0	11.0	0.0	0.0	3.0	1487.0	0.0	Spodnjeposavska	1.0
588.0	451.0	2010.0	A	143.0	1040773.0	1040773.0	3803.0	17.0	A	1.0	20.0	9.0	0.0	2.0	0.0	1487.0	0.0	Spodnjeposavska	1.0
589.0	797.0	2010.0	A	143.0	1040774.0	1040774.0	3803.0	17.0	B	1.0	17.0	9.0	0.0	0.0	0.0	1487.0	0.0	Spodnjeposavska	1.0
590.0	798.0	2010.0	A	143.0	1040775.0	1040775.0	3803.0	18.0	A	1.0	18.0	6.0	0.0	1.0	0.0	1487.0	0.0	Spodnjeposavska	1.0
591.0	453.0	2010.0	A	143.0	1040776.0	1040776.0	3803.0	18.0	B	1.0	17.0	4.0	0.0	1.0	0.0	1487.0	0.0	Spodnjeposavska	1.0
592.0	454.0	2010.0	A	143.0	1040777.0	1040777.0	3803.0	19.0	A	1.0	20.0	8.0	0.0	7.0	0.0	1487.0	0.0	Spodnjeposavska	1.0
593.0	455.0	2010.0	A	143.0	1040778.0	1040778.0	3803.0	19.0	B	1.0	18.0	6.0	0.0	3.0	0.0	1487.0	0.0	Spodnjeposavska	1.0
594.0	459.0	2010.0	A	143.0	1040762.0	1040762.0	3803.0	14.0	A	1.0	18.0	7.0	0.0	0.0	16.0	0.0	0.0	Obalno-Kraška	1.0
595.0	807.0	2010.0	A	143.0	1040763.0	1040763.0	3803.0	14.0	B	1.0	18.0	11.0	0.0	0.0	16.0	0.0	0.0	Obalno-Kraška	1.0
596.0	456.0	2010.0	A	143.0	1040764.0	1040764.0	3803.0	15.0	A	1.0	23.0	13.0	0.0	0.0	9.0	1487.0	0.0	Obalno-Kraška	1.0
597.0	3531.0	2010.0	A	143.0	1040765.0	1040765.0	3803.0	15.0	B	1.0	23.0	8.0	0.0	1.0	14.0	1487.0	0.0	Obalno-Kraška	1.0
598.0	466.0	2010.0	A	143.0	1040769.0	1040769.0	3803.0	16.0	A	1.0	19.0	12.0	0.0	1.0	5.0	1487.0	0.0	Koroška	1.0
599.0	813.0	2010.0	A	143.0	1040779.0	1040779.0	3803.0	20.0	A	1.0	24.0	14.0	0.0	0.0	0.0	1487.0	0.0	Koroška	1.0
600.0	814.0	2010.0	A	143.0	1040757.0	1040757.0	3803.0	12.0	B	1.0	19.0	10.0	0.0	0.0	18.0	0.0	0.0	Koroška	1.0
601.0	463.0	2010.0	A	144.0	1043318.0	1043318.0	3803.0	13.0	C	1.0	22.0	13.0	0.0	1.0	22.0	0.0	0.0	Koroška	1.0
603.0	462.0	2010.0	A	144.0	1043328.0	1043328.0	3803.0	14.0	C	1.0	23.0	15.0	0.0	1.0	20.0	0.0	0.0	Koroška	1.0
604.0	969.0	2010.0	A	144.0	1043331.0	1043331.0	3803.0	15.0	A	1.0	23.0	10.0	0.0	1.0	18.0	1487.0	0.0	Koroška	1.0
605.0	811.0	2010.0	A	144.0	1043334.0	1043334.0	3803.0	15.0	B	1.0	22.0	8.0	0.0	0.0	19.0	1487.0	0.0	Koroška	1.0
606.0	471.0	2010.0	A	144.0	1043340.0	1043340.0	3803.0	16.0	A	1.0	25.0	15.0	0.0	2.0	11.0	1487.0	0.0	Podravska	1.0
607.0	474.0	2010.0	A	144.0	1043343.0	1043343.0	3803.0	16.0	B	1.0	24.0	12.0	0.0	2.0	12.0	1487.0	0.0	Podravska	1.0
608.0	473.0	2010.0	A	144.0	1043348.0	1043348.0	3803.0	17.0	A	1.0	21.0	9.0	0.0	3.0	0.0	1487.0	0.0	Podravska	1.0
609.0	468.0	2010.0	A	144.0	1043352.0	1043352.0	3803.0	17.0	B	1.0	20.0	8.0	0.0	2.0	0.0	1487.0	0.0	Podravska	1.0
610.0	3533.0	2010.0	A	144.0	1043367.0	1043367.0	3803.0	17.0	C	1.0	17.0	8.0	0.0	2.0	0.0	1487.0	0.0	Podravska	1.0
611.0	470.0	2010.0	A	144.0	1043368.0	1043368.0	3803.0	18.0	A	1.0	20.0	14.0	0.0	2.0	0.0	1487.0	0.0	Podravska	1.0
612.0	477.0	2010.0	A	144.0	1043371.0	1043371.0	3803.0	18.0	C	1.0	22.0	12.0	0.0	1.0	0.0	1487.0	0.0	Podravska	1.0
613.0	817.0	2010.0	A	144.0	1043372.0	1043372.0	3803.0	18.0	Č	1.0	21.0	14.0	0.0	3.0	0.0	1487.0	0.0	Podravska	1.0
614.0	818.0	2010.0	A	144.0	1043373.0	1043373.0	3803.0	19.0	A	1.0	23.0	11.0	0.0	2.0	0.0	1487.0	0.0	Podravska	1.0
615.0	608.0	2010.0	A	144.0	1043374.0	1043374.0	3803.0	19.0	B	1.0	22.0	11.0	0.0	4.0	0.0	1487.0	0.0	Savinjska	1.0
616.0	3789.0	2010.0	A	144.0	1043375.0	1043375.0	3803.0	19.0	C	1.0	22.0	10.0	0.0	1.0	0.0	1487.0	0.0	Savinjska	1.0
617.0	609.0	2010.0	A	144.0	1043376.0	1043376.0	3803.0	20.0	A	1.0	24.0	11.0	0.0	1.0	0.0	1487.0	0.0	Savinjska	1.0
618.0	819.0	2010.0	A	144.0	1043377.0	1043377.0	3803.0	20.0	B	1.0	25.0	14.0	0.0	2.0	0.0	1487.0	0.0	Savinjska	1.0
619.0	820.0	2010.0	A	144.0	1043313.0	1043313.0	3803.0	13.0	A	1.0	23.0	12.0	0.0	0.0	23.0	0.0	0.0	Savinjska	1.0
620.0	607.0	2010.0	A	144.0	1043315.0	1043315.0	3803.0	13.0	B	1.0	23.0	11.0	0.0	1.0	23.0	0.0	0.0	Savinjska	1.0
623.0	793.0	2010.0	A	144.0	1043370.0	1043370.0	3803.0	18.0	B	1.0	22.0	12.0	0.0	3.0	0.0	1487.0	0.0	Jugovzhodna Slovenija	1.0
624.0	395.0	2010.0	A	144.0	1043322.0	1043322.0	3803.0	14.0	A	1.0	22.0	13.0	0.0	1.0	20.0	0.0	0.0	Podravska	1.0
625.0	572.0	2010.0	A	144.0	1043337.0	1043337.0	3803.0	15.0	C	1.0	23.0	10.0	0.0	1.0	22.0	1487.0	0.0	Podravska	1.0
626.0	936.0	2010.0	A	144.0	1043309.0	1043309.0	3803.0	12.0	A	1.0	21.0	9.0	0.0	0.0	20.0	0.0	0.0	Podravska	1.0
627.0	386.0	2010.0	A	144.0	1043311.0	1043311.0	3803.0	12.0	B	1.0	20.0	9.0	0.0	1.0	19.0	0.0	0.0	Jugovzhodna Slovenija	1.0
629.0	698.0	2010.0	A	144.0	1043326.0	1043326.0	3803.0	14.0	B	1.0	21.0	14.0	0.0	0.0	19.0	0.0	0.0	Podravska	1.0
630.0	250.0	2010.0	A	145.0	1041989.0	1041989.0	3803.0	12.0	A	1.0	26.0	14.0	0.0	0.0	26.0	0.0	0.0	Podravska	1.0
631.0	169.0	2010.0	A	145.0	1042028.0	1042028.0	3803.0	17.0	A	1.0	22.0	8.0	0.0	3.0	0.0	1487.0	0.0	Pomurska	1.0
632.0	245.0	2010.0	A	145.0	1042019.0	1042019.0	3803.0	15.0	A	1.0	24.0	10.0	0.0	0.0	22.0	1487.0	0.0	Podravska	1.0
633.0	389.0	2010.0	A	145.0	1042022.0	1042022.0	3803.0	16.0	A	1.0	27.0	15.0	0.0	0.0	17.0	1487.0	0.0	Podravska	1.0
634.0	347.0	2010.0	A	145.0	1042035.0	1042035.0	3803.0	19.0	A	1.0	26.0	12.0	0.0	3.0	0.0	1487.0	0.0	Pomurska	1.0
636.0	366.0	2010.0	A	145.0	1042037.0	1042037.0	3803.0	20.0	B	1.0	16.0	11.0	0.0	2.0	0.0	1487.0	0.0	Goriška	1.0
641.0	1337.0	2010.0	A	145.0	1042032.0	1042032.0	3803.0	18.0	A	1.0	21.0	10.0	0.0	5.0	0.0	1487.0	0.0	Gorenjska	1.0
642.0	1378.0	2010.0	A	145.0	1042036.0	1042036.0	3803.0	20.0	A	1.0	16.0	6.0	0.0	4.0	0.0	1487.0	0.0	Gorenjska	1.0
643.0	585.0	2010.0	A	145.0	1041995.0	1041995.0	3803.0	13.0	A	1.0	24.0	17.0	0.0	0.0	22.0	0.0	0.0	Podravska	1.0
644.0	718.0	2010.0	A	145.0	1042013.0	1042013.0	3803.0	14.0	B	1.0	14.0	8.0	0.0	0.0	14.0	0.0	0.0	Podravska	1.0
645.0	584.0	2010.0	A	145.0	1042010.0	1042010.0	3803.0	14.0	A	1.0	15.0	7.0	0.0	0.0	15.0	0.0	0.0	Podravska	1.0
648.0	737.0	2010.0	A	146.0	1039245.0	1039245.0	3803.0	12.0	A	1.0	15.0	4.0	0.0	0.0	15.0	0.0	0.0	Jugovzhodna Slovenija	1.0
649.0	478.0	2010.0	A	146.0	1039250.0	1039250.0	3803.0	13.0	A	1.0	18.0	5.0	0.0	0.0	13.0	0.0	0.0	Savinjska	1.0
650.0	1352.0	2010.0	A	146.0	1039251.0	1039251.0	3803.0	14.0	A	1.0	16.0	8.0	0.0	0.0	9.0	0.0	0.0	Savinjska	1.0
651.0	482.0	2010.0	A	146.0	1039257.0	1039257.0	3803.0	20.0	A	1.0	11.0	6.0	0.0	1.0	0.0	1487.0	0.0	Savinjska	1.0
652.0	825.0	2010.0	A	146.0	1039253.0	1039253.0	3803.0	16.0	A	1.0	12.0	4.0	0.0	2.0	2.0	1487.0	0.0	Savinjska	1.0
653.0	824.0	2010.0	A	146.0	1039254.0	1039254.0	3803.0	17.0	A	1.0	12.0	5.0	0.0	1.0	0.0	1487.0	0.0	Savinjska	1.0
654.0	480.0	2010.0	A	146.0	1039255.0	1039255.0	3803.0	18.0	A	1.0	11.0	5.0	0.0	3.0	0.0	1487.0	0.0	Savinjska	1.0
655.0	823.0	2010.0	A	146.0	1039256.0	1039256.0	3803.0	19.0	A	1.0	14.0	5.0	0.0	1.0	0.0	1487.0	0.0	Savinjska	1.0
656.0	479.0	2010.0	A	146.0	1039252.0	1039252.0	3803.0	15.0	A	1.0	18.0	7.0	0.0	0.0	7.0	1487.0	0.0	Savinjska	1.0
657.0	1241.0	2010.0	A	148.0	1045982.0	1045982.0	3803.0	12.0	A	1.0	25.0	10.0	0.0	0.0	25.0	0.0	0.0	Savinjska	1.0
658.0	3781.0	2010.0	A	148.0	1045984.0	1045984.0	3803.0	13.0	A	1.0	25.0	13.0	0.0	0.0	25.0	0.0	0.0	Savinjska	1.0
659.0	516.0	2010.0	A	148.0	1045994.0	1045994.0	3803.0	17.0	A	1.0	19.0	9.0	0.0	1.0	0.0	1487.0	0.0	Jugovzhodna Slovenija	1.0
660.0	373.0	2010.0	A	148.0	1045995.0	1045995.0	3803.0	17.0	B	1.0	15.0	6.0	0.0	1.0	0.0	1487.0	0.0	Jugovzhodna Slovenija	1.0
661.0	1265.0	2010.0	A	148.0	1045996.0	1045996.0	3803.0	18.0	A	1.0	26.0	14.0	0.0	1.0	0.0	1487.0	0.0	Jugovzhodna Slovenija	1.0
662.0	485.0	2010.0	A	148.0	1045997.0	1045997.0	3803.0	19.0	A	1.0	21.0	13.0	0.0	4.0	0.0	1487.0	0.0	Gorenjska	1.0
663.0	832.0	2010.0	A	148.0	1045993.0	1045993.0	3803.0	16.0	B	1.0	22.0	15.0	0.0	2.0	22.0	1487.0	0.0	Gorenjska	1.0
664.0	484.0	2010.0	A	148.0	1046000.0	1046000.0	3803.0	20.0	A	1.0	17.0	8.0	0.0	2.0	0.0	1487.0	0.0	Gorenjska	1.0
665.0	483.0	2010.0	A	148.0	1046002.0	1046002.0	3803.0	20.0	B	1.0	17.0	9.0	0.0	0.0	0.0	1487.0	0.0	Gorenjska	1.0
666.0	829.0	2010.0	A	148.0	1045989.0	1045989.0	3803.0	14.0	A	1.0	20.0	10.0	0.0	1.0	20.0	0.0	0.0	Gorenjska	1.0
667.0	830.0	2010.0	A	148.0	1045990.0	1045990.0	3803.0	15.0	A	1.0	18.0	7.0	0.0	2.0	18.0	1487.0	0.0	Gorenjska	1.0
668.0	831.0	2010.0	A	148.0	1045991.0	1045991.0	3803.0	15.0	B	1.0	19.0	6.0	0.0	0.0	19.0	1487.0	0.0	Gorenjska	1.0
669.0	319.0	2010.0	A	148.0	1045992.0	1045992.0	3803.0	16.0	A	1.0	24.0	12.0	0.0	2.0	24.0	1487.0	0.0	Osrednjeslovenska	1.0
670.0	958.0	2010.0	A	148.0	1045998.0	1045998.0	3803.0	19.0	B	1.0	20.0	10.0	0.0	1.0	0.0	1487.0	0.0	Osrednjeslovenska	1.0
672.0	495.0	2010.0	A	149.0	1042169.0	1042169.0	3803.0	19.0	B	1.0	16.0	7.0	1.0	2.0	0.0	1487.0	0.0	Savinjska	1.0
673.0	786.0	2010.0	A	149.0	1042138.0	1042138.0	3803.0	13.0	B	1.0	14.0	6.0	2.0	0.0	9.0	0.0	0.0	Savinjska	1.0
674.0	3529.0	2010.0	A	149.0	1042126.0	1042126.0	3803.0	12.0	A	1.0	19.0	7.0	4.0	0.0	14.0	0.0	0.0	Savinjska	1.0
675.0	787.0	2010.0	A	149.0	1042128.0	1042128.0	3803.0	12.0	B	1.0	20.0	7.0	3.0	0.0	14.0	0.0	0.0	Savinjska	1.0
676.0	788.0	2010.0	A	149.0	1042135.0	1042135.0	3803.0	13.0	A	1.0	15.0	8.0	0.0	1.0	6.0	0.0	0.0	Savinjska	1.0
677.0	789.0	2010.0	A	149.0	1042171.0	1042171.0	3803.0	20.0	A	1.0	16.0	8.0	1.0	0.0	0.0	1487.0	0.0	Savinjska	1.0
678.0	3530.0	2010.0	A	149.0	1042172.0	1042172.0	3803.0	20.0	B	1.0	15.0	4.0	2.0	1.0	0.0	1487.0	0.0	Savinjska	1.0
679.0	381.0	2010.0	A	149.0	1042142.0	1042142.0	3803.0	14.0	A	1.0	14.0	4.0	3.0	0.0	6.0	0.0	0.0	Jugovzhodna Slovenija	1.0
680.0	533.0	2010.0	A	149.0	1042146.0	1042146.0	3803.0	14.0	B	1.0	15.0	4.0	1.0	1.0	8.0	0.0	0.0	Savinjska	1.0
681.0	263.0	2010.0	A	149.0	1042147.0	1042147.0	3803.0	15.0	A	1.0	16.0	7.0	2.0	2.0	8.0	1487.0	0.0	Osrednjeslovenska	1.0
682.0	741.0	2010.0	A	149.0	1042149.0	1042149.0	3803.0	15.0	B	1.0	16.0	7.0	2.0	1.0	7.0	1487.0	0.0	Osrednjeslovenska	1.0
683.0	744.0	2010.0	A	149.0	1042151.0	1042151.0	3803.0	16.0	A	1.0	17.0	7.0	1.0	0.0	4.0	1487.0	0.0	Osrednjeslovenska	1.0
684.0	745.0	2010.0	A	149.0	1042153.0	1042153.0	3803.0	16.0	B	1.0	17.0	7.0	3.0	2.0	5.0	1487.0	0.0	Osrednjeslovenska	1.0
685.0	10167.0	2010.0	A	149.0	1042155.0	1042155.0	3803.0	17.0	A	1.0	16.0	6.0	3.0	0.0	0.0	1487.0	0.0	Savinjska	1.0
687.0	10188.0	2010.0	A	149.0	1042159.0	1042159.0	3803.0	17.0	B	1.0	14.0	5.0	2.0	3.0	0.0	1487.0	0.0	Savinjska	1.0
689.0	143.0	2010.0	A	149.0	1042160.0	1042160.0	3803.0	18.0	A	1.0	16.0	12.0	0.0	0.0	0.0	1487.0	0.0	Savinjska	1.0
690.0	647.0	2010.0	A	149.0	1042165.0	1042165.0	3803.0	18.0	B	1.0	15.0	11.0	0.0	0.0	0.0	1487.0	0.0	Savinjska	1.0
691.0	352.0	2010.0	A	149.0	1042167.0	1042167.0	3803.0	19.0	A	1.0	16.0	7.0	1.0	0.0	0.0	1487.0	0.0	Pomurska	1.0
693.0	511.0	2010.0	A	150.0	1041667.0	1041667.0	3803.0	13.0	C	1.0	19.0	8.0	4.0	0.0	11.0	0.0	0.0	Goriška	1.0
694.0	505.0	2010.0	A	150.0	1041664.0	1041664.0	3803.0	12.0	C	1.0	16.0	7.0	4.0	0.0	12.0	0.0	0.0	Goriška	1.0
696.0	845.0	2010.0	A	150.0	1041707.0	1041707.0	3803.0	19.0	B	1.0	16.0	6.0	1.0	1.0	0.0	1487.0	0.0	Goriška	1.0
697.0	846.0	2010.0	A	150.0	1041708.0	1041708.0	3803.0	20.0	A	1.0	18.0	10.0	2.0	0.0	0.0	1487.0	0.0	Goriška	1.0
698.0	506.0	2010.0	A	150.0	1041665.0	1041665.0	3803.0	13.0	A	1.0	19.0	7.0	6.0	1.0	15.0	0.0	0.0	Goriška	1.0
699.0	838.0	2010.0	A	150.0	1041666.0	1041666.0	3803.0	13.0	B	1.0	19.0	7.0	6.0	0.0	14.0	0.0	0.0	Goriška	1.0
700.0	837.0	2010.0	A	150.0	1041670.0	1041670.0	3803.0	14.0	A	1.0	21.0	8.0	3.0	1.0	15.0	0.0	0.0	Goriška	1.0
701.0	1216.0	2010.0	A	150.0	1041673.0	1041673.0	3803.0	14.0	B	1.0	21.0	8.0	3.0	1.0	15.0	0.0	0.0	Zasavska	1.0
702.0	1244.0	2010.0	A	150.0	1041677.0	1041677.0	3803.0	15.0	A	1.0	15.0	8.0	4.0	0.0	6.0	1487.0	0.0	Zasavska	1.0
703.0	1242.0	2010.0	A	150.0	1041679.0	1041679.0	3803.0	15.0	B	1.0	14.0	7.0	3.0	0.0	7.0	1487.0	0.0	Zasavska	1.0
704.0	1217.0	2010.0	A	150.0	1041683.0	1041683.0	3803.0	15.0	C	1.0	15.0	7.0	4.0	1.0	4.0	1487.0	0.0	Zasavska	1.0
705.0	1218.0	2010.0	A	150.0	1041686.0	1041686.0	3803.0	16.0	A	1.0	19.0	11.0	4.0	1.0	6.0	1487.0	0.0	Zasavska	1.0
706.0	513.0	2010.0	A	150.0	1041688.0	1041688.0	3803.0	16.0	B	1.0	18.0	10.0	2.0	0.0	9.0	1487.0	0.0	Jugovzhodna Slovenija	1.0
707.0	852.0	2010.0	A	150.0	1041689.0	1041689.0	3803.0	17.0	A	1.0	17.0	9.0	3.0	1.0	0.0	1487.0	0.0	Jugovzhodna Slovenija	1.0
708.0	850.0	2010.0	A	150.0	1041690.0	1041690.0	3803.0	17.0	B	1.0	17.0	7.0	4.0	0.0	0.0	1487.0	0.0	Jugovzhodna Slovenija	1.0
709.0	853.0	2010.0	A	150.0	1041691.0	1041691.0	3803.0	18.0	A	1.0	14.0	8.0	4.0	0.0	0.0	1487.0	0.0	Jugovzhodna Slovenija	1.0
710.0	514.0	2010.0	A	150.0	1041692.0	1041692.0	3803.0	18.0	B	1.0	16.0	9.0	3.0	0.0	0.0	1487.0	0.0	Jugovzhodna Slovenija	1.0
711.0	517.0	2010.0	A	150.0	1041694.0	1041694.0	3803.0	18.0	C	1.0	15.0	7.0	3.0	0.0	0.0	1487.0	0.0	Jugovzhodna Slovenija	1.0
712.0	165.0	2010.0	A	150.0	1041703.0	1041703.0	3803.0	19.0	A	1.0	13.0	7.0	1.0	1.0	0.0	1487.0	0.0	Osrednjeslovenska	1.0
713.0	519.0	2010.0	A	150.0	1041661.0	1041661.0	3803.0	12.0	A	1.0	17.0	8.0	3.0	0.0	12.0	0.0	0.0	Gorenjska	1.0
714.0	520.0	2010.0	A	150.0	1041663.0	1041663.0	3803.0	12.0	B	1.0	17.0	8.0	4.0	0.0	15.0	0.0	0.0	Gorenjska	1.0
716.0	521.0	2010.0	A	151.0	1044864.0	1044864.0	3803.0	19.0	A	1.0	19.0	10.0	2.0	1.0	0.0	1487.0	0.0	Gorenjska	1.0
717.0	857.0	2010.0	A	151.0	1044890.0	1044890.0	3803.0	20.0	C	1.0	18.0	9.0	2.0	1.0	0.0	1487.0	0.0	Gorenjska	1.0
718.0	858.0	2010.0	A	151.0	1044869.0	1044869.0	3803.0	20.0	A	1.0	17.0	9.0	2.0	1.0	0.0	1487.0	0.0	Gorenjska	1.0
719.0	259.0	2010.0	A	151.0	1044872.0	1044872.0	3803.0	20.0	B	1.0	18.0	10.0	2.0	1.0	0.0	1487.0	0.0	Pomurska	1.0
720.0	524.0	2010.0	A	151.0	1044797.0	1044797.0	3803.0	13.0	A	1.0	17.0	7.0	3.0	0.0	9.0	0.0	0.0	Savinjska	1.0
721.0	1335.0	2010.0	A	151.0	1044799.0	1044799.0	3803.0	13.0	B	1.0	19.0	9.0	3.0	0.0	15.0	0.0	0.0	Savinjska	1.0
722.0	1336.0	2010.0	A	151.0	1044800.0	1044800.0	3803.0	13.0	C	1.0	18.0	7.0	4.0	2.0	13.0	0.0	0.0	Savinjska	1.0
723.0	527.0	2010.0	A	151.0	1044812.0	1044812.0	3803.0	15.0	A	1.0	21.0	10.0	2.0	1.0	10.0	1487.0	0.0	Savinjska	1.0
724.0	859.0	2010.0	A	151.0	1044818.0	1044818.0	3803.0	15.0	B	1.0	20.0	8.0	2.0	0.0	8.0	1487.0	0.0	Savinjska	1.0
725.0	528.0	2010.0	A	151.0	1044822.0	1044822.0	3803.0	15.0	C	1.0	21.0	10.0	3.0	0.0	8.0	1487.0	0.0	Savinjska	1.0
726.0	860.0	2010.0	A	151.0	1044823.0	1044823.0	3803.0	16.0	A	1.0	19.0	8.0	4.0	0.0	8.0	1487.0	0.0	Savinjska	1.0
727.0	525.0	2010.0	A	151.0	1044824.0	1044824.0	3803.0	16.0	B	1.0	19.0	8.0	3.0	1.0	9.0	1487.0	0.0	Savinjska	1.0
728.0	861.0	2010.0	A	151.0	1044825.0	1044825.0	3803.0	16.0	C	1.0	17.0	8.0	3.0	0.0	9.0	1487.0	0.0	Savinjska	1.0
729.0	526.0	2010.0	A	151.0	1044826.0	1044826.0	3803.0	17.0	A	1.0	20.0	10.0	4.0	0.0	0.0	1487.0	0.0	Savinjska	1.0
730.0	1239.0	2010.0	A	151.0	1044827.0	1044827.0	3803.0	17.0	B	1.0	21.0	10.0	1.0	1.0	0.0	1487.0	0.0	Savinjska	1.0
731.0	523.0	2010.0	A	151.0	1044828.0	1044828.0	3803.0	17.0	C	1.0	20.0	8.0	1.0	0.0	0.0	1487.0	0.0	Savinjska	1.0
732.0	252.0	2010.0	A	151.0	1044836.0	1044836.0	3803.0	18.0	A	1.0	20.0	8.0	1.0	1.0	0.0	1487.0	0.0	Pomurska	1.0
733.0	321.0	2010.0	A	151.0	1044837.0	1044837.0	3803.0	18.0	B	1.0	18.0	7.0	2.0	1.0	0.0	1487.0	0.0	Osrednjeslovenska	1.0
734.0	3553.0	2010.0	A	151.0	1043850.0	1043850.0	3803.0	14.0	C	1.0	18.0	7.0	1.0	0.0	16.0	0.0	0.0	Osrednjeslovenska	1.0
735.0	960.0	2010.0	A	151.0	1043807.0	1043807.0	3803.0	12.0	A	1.0	23.0	8.0	3.0	0.0	19.0	0.0	0.0	Osrednjeslovenska	1.0
736.0	3709.0	2010.0	A	151.0	1043826.0	1043826.0	3803.0	14.0	A	1.0	17.0	6.0	2.0	0.0	13.0	0.0	0.0	Pomurska	1.0
737.0	419.0	2010.0	A	151.0	1043843.0	1043843.0	3803.0	14.0	B	1.0	18.0	7.0	3.0	0.0	12.0	0.0	0.0	Podravska	1.0
738.0	762.0	2010.0	A	151.0	1043814.0	1043814.0	3803.0	12.0	B	1.0	21.0	8.0	3.0	0.0	19.0	0.0	0.0	Podravska	1.0
739.0	968.0	2010.0	A	151.0	1044839.0	1044839.0	3803.0	18.0	C	1.0	19.0	9.0	1.0	1.0	0.0	1487.0	0.0	Podravska	1.0
742.0	661.0	2010.0	A	151.0	1044865.0	1044865.0	3803.0	19.0	B	1.0	18.0	12.0	1.0	1.0	0.0	1487.0	0.0	Goriška	1.0
743.0	665.0	2020.0	OŠPP	152.0	1045205.0	1045204.0	3813.0	12.0	1. razred	0.0	3.33333333333e+39	1.0	0.0	1.0	0.0	1.0	0.0	Goriška	2.0
744.0	610.0	2020.0	OŠPP	152.0	1045206.0	1045204.0	3813.0	13.0	2. razred	0.0	3.33333333333e+39	2.0	0.0	1.0	0.0	2.0	0.0	Savinjska	2.0
745.0	311.0	2020.0	OŠPP	152.0	1045207.0	1045204.0	3813.0	14.0	3. razred	0.0	3.33333333333e+39	5.0	4.0	2.0	0.0	5.0	0.0	Osrednjeslovenska	2.0
746.0	964.0	2020.0	OŠPP	152.0	1045211.0	1045210.0	3813.0	15.0	4. razred	0.0	5.0	5.0	2.0	3.0	0.0	5.0	1487.0	Osrednjeslovenska	2.0
747.0	141.0	2020.0	OŠPP	152.0	1045217.0	1045215.0	3813.0	20.0	9. razred	0.0	5.0	2.0	1.0	0.0	0.0	1.0	1487.0	Savinjska	2.0
748.0	649.0	2020.0	OŠPP	152.0	1045221.0	1045221.0	3813.0	18.0	A	1.0	7.0	4.0	4.0	0.0	7.0	1487.0	0.0	Savinjska	1.0
749.0	650.0	2020.0	OŠPP	152.0	1045222.0	1045222.0	3813.0	17.0	A	1.0	7.0	5.0	5.0	0.0	7.0	1487.0	0.0	Savinjska	1.0
750.0	651.0	2020.0	OŠPP	152.0	1045216.0	1045215.0	3813.0	19.0	8. razred	0.0	5.0	5.0	2.0	1.0	0.0	4.0	1487.0	Savinjska	2.0
751.0	142.0	2020.0	OŠPP	152.0	1045212.0	1045210.0	3813.0	16.0	5. razred	0.0	5.0	3.0	1.0	2.0	0.0	3.0	1487.0	Savinjska	2.0
754.0	6687.0	2010.0	A	154.0	1043106.0	1043105.0	3803.0	15.0	4. razred	0.0	3.33333333333e+39	4.0	2.0	0.0	0.0	4.0	1487.0	Osrednjeslovenska	2.0
755.0	536.0	2010.0	A	154.0	1043107.0	1043105.0	3803.0	16.0	5. razred	0.0	3.33333333333e+39	3.0	1.0	0.0	0.0	0.0	1487.0	Osrednjeslovenska	2.0
756.0	9230.0	2010.0	A	154.0	1043108.0	1043105.0	3803.0	17.0	6. razred	0.0	3.33333333333e+39	3.0	0.0	1.0	0.0	0.0	1487.0	Osrednjeslovenska	2.0
757.0	430.0	2010.0	A	154.0	1043104.0	1043101.0	3803.0	14.0	3. razred	0.0	3.33333333333e+39	9.0	2.0	1.0	0.0	9.0	0.0	Koroška	2.0
758.0	541.0	2010.0	A	154.0	1043115.0	1043113.0	3803.0	19.0	8. razred	0.0	3.33333333333e+39	6.0	4.0	0.0	0.0	0.0	1487.0	Zasavska	2.0
759.0	870.0	2010.0	A	154.0	1043116.0	1043113.0	3803.0	20.0	9. razred	0.0	3.33333333333e+39	4.0	3.0	0.0	0.0	0.0	1487.0	Zasavska	2.0
760.0	540.0	2010.0	A	154.0	1043102.0	1043101.0	3803.0	12.0	1. razred	0.0	3.33333333333e+39	3.0	0.0	0.0	0.0	3.0	0.0	Zasavska	2.0
761.0	3543.0	2010.0	A	154.0	1043103.0	1043101.0	3803.0	13.0	2. razred	0.0	3.33333333333e+39	2.0	1.0	0.0	0.0	2.0	0.0	Zasavska	2.0
762.0	869.0	2010.0	A	154.0	1043114.0	1043113.0	3803.0	18.0	7. razred	0.0	3.33333333333e+39	1.0	1.0	1.0	0.0	0.0	1487.0	Zasavska	2.0
763.0	539.0	2010.0	A	155.0	1040747.0	1040747.0	3803.0	12.0	A	1.0	18.0	7.0	0.0	0.0	17.0	0.0	0.0	Zasavska	1.0
764.0	871.0	2010.0	A	155.0	1040752.0	1040752.0	3803.0	14.0	A	1.0	16.0	9.0	0.0	0.0	16.0	0.0	0.0	Zasavska	1.0
765.0	872.0	2010.0	A	155.0	1040753.0	1040753.0	3803.0	15.0	A	1.0	14.0	8.0	0.0	0.0	12.0	1487.0	0.0	Zasavska	1.0
766.0	611.0	2010.0	A	155.0	1040756.0	1040756.0	3803.0	16.0	A	1.0	12.0	8.0	0.0	0.0	9.0	1487.0	0.0	Savinjska	1.0
767.0	821.0	2010.0	A	155.0	1040761.0	1040761.0	3803.0	20.0	A	1.0	13.0	5.0	0.0	0.0	0.0	1487.0	0.0	Savinjska	1.0
768.0	1369.0	2010.0	A	155.0	1040767.0	1040766.0	3803.0	18.0	7. razred	0.0	5.0	7.0	3.0	0.0	0.0	0.0	1487.0	Savinjska	2.0
769.0	546.0	2010.0	A	155.0	1040768.0	1040766.0	3803.0	19.0	8. razred	0.0	5.0	11.0	4.0	0.0	0.0	0.0	1487.0	Savinjska	2.0
770.0	874.0	2010.0	A	155.0	1040748.0	1040748.0	3803.0	13.0	A	1.0	14.0	10.0	0.0	0.0	14.0	0.0	0.0	Savinjska	1.0
771.0	875.0	2010.0	A	155.0	1040758.0	1040758.0	3803.0	17.0	A	1.0	11.0	6.0	0.0	0.0	0.0	1487.0	0.0	Savinjska	1.0
772.0	543.0	2010.0	A	156.0	1.0	1044692.0	1044692.0	3803.0	13.0	1.0	1.0	17.0	11.0	2.0	0.0	15.0	0.0	Savinjska	A
773.0	9855.0	2010.0	A	156.0	1.0	1044693.0	1044693.0	3803.0	14.0	1.0	1.0	15.0	6.0	0.0	0.0	13.0	0.0	Savinjska	A
774.0	549.0	2010.0	A	156.0	1.0	1044694.0	1044694.0	3803.0	15.0	1.0	1.0	17.0	7.0	2.0	1.0	16.0	1487.0	Savinjska	A
775.0	544.0	2010.0	A	156.0	1.0	1044696.0	1044696.0	3803.0	16.0	1.0	1.0	10.0	5.0	1.0	0.0	8.0	1487.0	Savinjska	A
776.0	873.0	2010.0	A	156.0	1.0	1044697.0	1044697.0	3803.0	17.0	1.0	1.0	24.0	6.0	1.0	0.0	11.0	1487.0	Savinjska	A
777.0	490.0	2010.0	A	156.0	1.0	1044691.0	1044691.0	3803.0	12.0	1.0	1.0	22.0	10.0	0.0	0.0	21.0	0.0	Gorenjska	A
778.0	833.0	2010.0	A	156.0	1.0	1044700.0	1044700.0	3803.0	19.0	1.0	1.0	13.0	8.0	1.0	0.0	12.0	1487.0	Gorenjska	A
779.0	834.0	2010.0	A	156.0	1.0	1044704.0	1044704.0	3803.0	20.0	1.0	1.0	12.0	4.0	1.0	0.0	9.0	1487.0	Gorenjska	A
782.0	1260.0	2010.0	A	156.0	1.0	1044699.0	1044699.0	3803.0	18.0	1.0	1.0	15.0	7.0	0.0	0.0	8.0	1487.0	Podravska	A
783.0	489.0	2010.0	A	157.0	1039023.0	1039023.0	3803.0	17.0	B	1.0	25.0	11.0	0.0	3.0	0.0	1487.0	0.0	Gorenjska	1.0
784.0	1229.0	2010.0	A	157.0	1039011.0	1039011.0	3803.0	16.0	A	1.0	16.0	9.0	0.0	0.0	10.0	1487.0	0.0	Gorenjska	1.0
785.0	388.0	2010.0	A	157.0	1039043.0	1039043.0	3803.0	20.0	C	1.0	18.0	9.0	0.0	0.0	0.0	1487.0	0.0	Jugovzhodna Slovenija	1.0
786.0	387.0	2010.0	A	157.0	1038741.0	1038741.0	3803.0	12.0	A	1.0	24.0	9.0	0.0	1.0	23.0	0.0	0.0	Jugovzhodna Slovenija	1.0
787.0	733.0	2010.0	A	157.0	1038750.0	1038750.0	3803.0	13.0	A	1.0	27.0	13.0	0.0	1.0	23.0	0.0	0.0	Jugovzhodna Slovenija	1.0
788.0	734.0	2010.0	A	157.0	1038753.0	1038753.0	3803.0	13.0	B	1.0	25.0	13.0	0.0	1.0	24.0	0.0	0.0	Jugovzhodna Slovenija	1.0
789.0	735.0	2010.0	A	157.0	1038999.0	1038999.0	3803.0	14.0	E	1.0	21.0	8.0	0.0	1.0	20.0	0.0	0.0	Jugovzhodna Slovenija	1.0
189.5	16570.0	2010.0	A	157.0	1039012.0	1039012.0	3803.0	16.0	B	1.0	18.0	7.0	0.0	1.0	12.0	1487.0	0.0	Gorenjska	1.0
280.0	689.0	2010.0	A	157.0	1039020.0	1039020.0	3803.0	17.0	A	1.0	24.0	11.0	0.0	2.0	0.0	1487.0	0.0	Savinjska	1.0
358.4	19790.0	2010.0	A	157.0	1038744.0	1038744.0	3803.0	12.0	B	1.0	24.0	8.0	0.0	0.0	21.0	0.0	0.0	Gorenjska	1.0
358.7	17530.0	2010.0	A	157.0	1039026.0	1039026.0	3803.0	18.0	A	1.0	20.0	8.0	0.0	2.0	0.0	1487.0	0.0	Osrednjeslovenska	1.0
614.5	14849.0	2010.0	A	157.0	1039027.0	1039027.0	3803.0	18.0	B	1.0	20.0	7.0	0.0	2.0	0.0	1487.0	0.0	Podravska	1.0
358.5	14850.0	2010.0	A	157.0	1039029.0	1039029.0	3803.0	18.0	C	1.0	19.0	9.0	0.0	2.0	0.0	1487.0	0.0	Osrednjeslovenska	1.0
1.0	10609.0	2010.0	A	157.0	1039031.0	1039031.0	3803.0	19.0	A	1.0	20.0	10.0	0.0	4.0	0.0	1487.0	0.0	Goriška	1.0
2.0	10849.0	2010.0	A	157.0	1039033.0	1039033.0	3803.0	19.0	B	1.0	20.0	10.0	0.0	2.0	0.0	1487.0	0.0	Goriška	1.0
3.0	118.0	2010.0	A	157.0	1039036.0	1039036.0	3803.0	19.0	C	1.0	19.0	9.0	0.0	1.0	0.0	1487.0	0.0	Goriška	1.0
4.0	703.0	2010.0	A	157.0	1039038.0	1039038.0	3803.0	20.0	A	1.0	19.0	10.0	0.0	2.0	0.0	1487.0	0.0	Goriška	1.0
5.0	117.0	2010.0	A	157.0	1038993.0	1038993.0	3803.0	14.0	A	1.0	19.0	9.0	0.0	1.0	19.0	0.0	0.0	Goriška	1.0
6.0	121.0	2010.0	A	157.0	1038995.0	1038995.0	3803.0	14.0	B	1.0	19.0	10.0	0.0	1.0	14.0	0.0	0.0	Goriška	1.0
7.0	645.0	2010.0	A	157.0	1039007.0	1039007.0	3803.0	15.0	A	1.0	23.0	14.0	0.0	1.0	21.0	1487.0	0.0	Goriška	1.0
8.0	115.0	2010.0	A	157.0	1039010.0	1039010.0	3803.0	15.0	B	1.0	22.0	12.0	0.0	1.0	16.0	1487.0	0.0	Goriška	1.0
9.0	658.0	2010.0	A	157.0	1039041.0	1039041.0	3803.0	20.0	B	1.0	20.0	9.0	0.0	3.0	0.0	1487.0	0.0	Goriška	1.0
11.0	657.0	2010.0	A	158.0	1045476.0	1045476.0	3803.0	16.0	A	1.0	18.0	9.0	0.0	0.0	16.0	1487.0	0.0	Goriška	1.0
12.0	664.0	2010.0	A	158.0	1045504.0	1045504.0	3803.0	20.0	C	1.0	24.0	15.0	0.0	1.0	0.0	1487.0	0.0	Goriška	1.0
13.0	666.0	2010.0	A	158.0	1045479.0	1045479.0	3803.0	16.0	C	1.0	21.0	11.0	0.0	1.0	11.0	1487.0	0.0	Goriška	1.0
14.0	177.0	2010.0	A	158.0	1045480.0	1045480.0	3803.0	17.0	A	1.0	26.0	14.0	0.0	1.0	0.0	1487.0	0.0	Pomurska	1.0
15.0	9856.0	2010.0	A	158.0	1045482.0	1045482.0	3803.0	17.0	B	1.0	28.0	12.0	0.0	1.0	0.0	1487.0	0.0	Pomurska	1.0
16.0	351.0	2010.0	A	158.0	1045483.0	1045483.0	3803.0	17.0	C	1.0	27.0	14.0	0.0	3.0	0.0	1487.0	0.0	Pomurska	1.0
18.0	249.0	2010.0	A	158.0	1045485.0	1045485.0	3803.0	18.0	A	1.0	22.0	9.0	0.0	1.0	0.0	1487.0	0.0	Podravska	1.0
19.0	502.0	2010.0	A	158.0	1045490.0	1045490.0	3803.0	18.0	B	1.0	23.0	11.0	0.0	1.0	0.0	1487.0	0.0	Savinjska	1.0
20.0	436.0	2010.0	A	158.0	1045491.0	1045491.0	3803.0	18.0	C	1.0	21.0	9.0	0.0	1.0	0.0	1487.0	0.0	Gorenjska	1.0
21.0	883.0	2010.0	A	158.0	1045497.0	1045497.0	3803.0	19.0	C	1.0	25.0	13.0	0.0	4.0	0.0	1487.0	0.0	Gorenjska	1.0
22.0	884.0	2010.0	A	158.0	1045469.0	1045469.0	3803.0	13.0	C	1.0	26.0	12.0	0.0	0.0	26.0	0.0	0.0	Gorenjska	1.0
23.0	146.0	2010.0	A	158.0	1045475.0	1045475.0	3803.0	15.0	C	1.0	24.0	13.0	0.0	3.0	19.0	1487.0	0.0	Notranjsko-Kraška	1.0
24.0	437.0	2010.0	A	158.0	1045455.0	1045455.0	3803.0	12.0	A	1.0	25.0	13.0	0.0	1.0	23.0	0.0	0.0	Gorenjska	1.0
25.0	885.0	2010.0	A	158.0	1045463.0	1045463.0	3803.0	12.0	B	1.0	21.0	11.0	0.0	1.0	20.0	0.0	0.0	Gorenjska	1.0
26.0	535.0	2010.0	A	158.0	1045464.0	1045464.0	3803.0	12.0	C	1.0	24.0	13.0	0.0	0.0	24.0	0.0	0.0	Osrednjeslovenska	1.0
27.0	510.0	2010.0	A	158.0	1045465.0	1045465.0	3803.0	13.0	A	1.0	25.0	13.0	0.0	0.0	25.0	0.0	0.0	Goriška	1.0
28.0	847.0	2010.0	A	158.0	1045466.0	1045466.0	3803.0	13.0	B	1.0	25.0	12.0	0.0	1.0	25.0	0.0	0.0	Goriška	1.0
29.0	848.0	2010.0	A	158.0	1045470.0	1045470.0	3803.0	14.0	A	1.0	28.0	14.0	0.0	1.0	25.0	0.0	0.0	Goriška	1.0
30.0	552.0	2010.0	A	158.0	1045471.0	1045471.0	3803.0	14.0	B	1.0	26.0	13.0	0.0	0.0	23.0	0.0	0.0	Savinjska	1.0
31.0	877.0	2010.0	A	158.0	1045472.0	1045472.0	3803.0	14.0	C	1.0	25.0	12.0	0.0	0.0	25.0	0.0	0.0	Savinjska	1.0
32.0	876.0	2010.0	A	158.0	1045473.0	1045473.0	3803.0	15.0	A	1.0	26.0	11.0	0.0	0.0	22.0	1487.0	0.0	Savinjska	1.0
33.0	1377.0	2010.0	A	158.0	1045474.0	1045474.0	3803.0	15.0	B	1.0	26.0	11.0	0.0	2.0	20.0	1487.0	0.0	Savinjska	1.0
34.0	362.0	2010.0	A	158.0	1045493.0	1045493.0	3803.0	18.0	D	1.0	21.0	10.0	0.0	3.0	0.0	1487.0	0.0	Goriška	1.0
35.0	971.0	2010.0	A	158.0	1045494.0	1045494.0	3803.0	19.0	A	1.0	25.0	11.0	0.0	3.0	0.0	1487.0	0.0	Goriška	1.0
36.0	323.0	2010.0	A	158.0	1045495.0	1045495.0	3803.0	19.0	B	1.0	23.0	9.0	0.0	1.0	0.0	1487.0	0.0	Osrednjeslovenska	1.0
37.0	956.0	2010.0	A	158.0	1045499.0	1045499.0	3803.0	19.0	D	1.0	24.0	11.0	0.0	2.0	0.0	1487.0	0.0	Osrednjeslovenska	1.0
38.0	957.0	2010.0	A	158.0	1045502.0	1045502.0	3803.0	20.0	A	1.0	28.0	16.0	0.0	1.0	0.0	1487.0	0.0	Osrednjeslovenska	1.0
39.0	322.0	2010.0	A	158.0	1045503.0	1045503.0	3803.0	20.0	B	1.0	25.0	14.0	0.0	4.0	0.0	1487.0	0.0	Osrednjeslovenska	1.0
40.0	961.0	2010.0	A	158.0	1045477.0	1045477.0	3803.0	16.0	B	1.0	23.0	12.0	0.0	1.0	14.0	1487.0	0.0	Osrednjeslovenska	1.0
41.0	127.0	2010.0	A	159.0	1037603.0	1037603.0	3803.0	12.0	A	1.0	26.0	15.0	0.0	1.0	26.0	0.0	0.0	Spodnjeposavska	1.0
43.0	125.0	2010.0	A	159.0	1037608.0	1037608.0	3803.0	12.0	C	1.0	27.0	16.0	0.0	0.0	27.0	0.0	0.0	Spodnjeposavska	1.0
44.0	126.0	2010.0	A	159.0	1037609.0	1037609.0	3803.0	13.0	A	1.0	23.0	12.0	0.0	2.0	23.0	0.0	0.0	Spodnjeposavska	1.0
45.0	124.0	2010.0	A	159.0	1037610.0	1037610.0	3803.0	13.0	B	1.0	24.0	11.0	0.0	1.0	24.0	0.0	0.0	Spodnjeposavska	1.0
46.0	129.0	2010.0	A	159.0	1037611.0	1037611.0	3803.0	13.0	C	1.0	24.0	12.0	0.0	1.0	24.0	0.0	0.0	Spodnjeposavska	1.0
47.0	128.0	2010.0	A	159.0	1037612.0	1037612.0	3803.0	14.0	A	1.0	27.0	14.0	0.0	0.0	27.0	0.0	0.0	Spodnjeposavska	1.0
48.0	122.0	2010.0	A	159.0	1037613.0	1037613.0	3803.0	14.0	B	1.0	27.0	11.0	0.0	2.0	24.0	0.0	0.0	Spodnjeposavska	1.0
49.0	601.0	2010.0	A	159.0	1037614.0	1037614.0	3803.0	14.0	C	1.0	26.0	15.0	0.0	0.0	26.0	0.0	0.0	Spodnjeposavska	1.0
50.0	353.0	2010.0	A	159.0	1037615.0	1037615.0	3803.0	15.0	A	1.0	27.0	10.0	0.0	2.0	23.0	1487.0	0.0	Pomurska	1.0
51.0	1341.0	2010.0	A	159.0	1037616.0	1037616.0	3803.0	15.0	B	1.0	28.0	11.0	0.0	0.0	25.0	1487.0	0.0	Savinjska	1.0
52.0	131.0	2010.0	A	159.0	1037617.0	1037617.0	3803.0	15.0	C	1.0	28.0	10.0	0.0	1.0	28.0	1487.0	0.0	Savinjska	1.0
53.0	134.0	2010.0	A	159.0	1037618.0	1037618.0	3803.0	16.0	A	1.0	27.0	13.0	0.0	4.0	20.0	1487.0	0.0	Savinjska	1.0
54.0	135.0	2010.0	A	159.0	1037619.0	1037619.0	3803.0	16.0	B	1.0	27.0	11.0	0.0	1.0	6.0	1487.0	0.0	Savinjska	1.0
55.0	133.0	2010.0	A	159.0	1037620.0	1037620.0	3803.0	16.0	C	1.0	27.0	13.0	0.0	2.0	23.0	1487.0	0.0	Savinjska	1.0
56.0	132.0	2010.0	A	159.0	1037621.0	1037621.0	3803.0	17.0	A	1.0	22.0	10.0	0.0	0.0	0.0	1487.0	0.0	Savinjska	1.0
57.0	130.0	2010.0	A	159.0	1037622.0	1037622.0	3803.0	17.0	B	1.0	22.0	13.0	0.0	4.0	0.0	1487.0	0.0	Savinjska	1.0
58.0	136.0	2010.0	A	159.0	1037623.0	1037623.0	3803.0	17.0	C	1.0	21.0	9.0	0.0	0.0	0.0	1487.0	0.0	Savinjska	1.0
59.0	137.0	2010.0	A	159.0	1037624.0	1037624.0	3803.0	18.0	A	1.0	26.0	18.0	0.0	3.0	0.0	1487.0	0.0	Savinjska	1.0
60.0	232.0	2010.0	A	159.0	1037625.0	1037625.0	3803.0	18.0	B	1.0	23.0	10.0	0.0	4.0	0.0	1487.0	0.0	Gorenjska	1.0
61.0	3561.0	2010.0	A	159.0	1037626.0	1037626.0	3803.0	18.0	C	1.0	27.0	13.0	0.0	2.0	0.0	1487.0	0.0	Gorenjska	1.0
62.0	144.0	2010.0	A	159.0	1037627.0	1037627.0	3803.0	19.0	A	1.0	25.0	12.0	0.0	5.0	0.0	1487.0	0.0	Notranjsko-Kraška	1.0
63.0	667.0	2010.0	A	159.0	1037628.0	1037628.0	3803.0	19.0	B	1.0	27.0	15.0	0.0	2.0	0.0	1487.0	0.0	Notranjsko-Kraška	1.0
64.0	668.0	2010.0	A	159.0	1037629.0	1037629.0	3803.0	19.0	C	1.0	25.0	11.0	0.0	2.0	0.0	1487.0	0.0	Notranjsko-Kraška	1.0
65.0	145.0	2010.0	A	159.0	1037630.0	1037630.0	3803.0	20.0	A	1.0	24.0	9.0	0.0	5.0	0.0	1487.0	0.0	Notranjsko-Kraška	1.0
66.0	652.0	2010.0	A	159.0	1037631.0	1037631.0	3803.0	20.0	B	1.0	25.0	12.0	0.0	2.0	0.0	1487.0	0.0	Notranjsko-Kraška	1.0
67.0	189.0	2010.0	A	159.0	1037632.0	1037632.0	3803.0	20.0	C	1.0	22.0	11.0	0.0	2.0	0.0	1487.0	0.0	Goriška	1.0
70.0	251.0	2010.0	A	159.0	1037604.0	1037604.0	3803.0	12.0	B	1.0	24.0	9.0	0.0	0.0	24.0	0.0	0.0	Podravska	1.0
71.0	9857.0	2010.0	A	160.0	1037034.0	1037034.0	3803.0	15.0	B	1.0	26.0	12.0	0.0	0.0	20.0	1487.0	0.0	Podravska	1.0
72.0	418.0	2010.0	A	160.0	1037048.0	1037048.0	3803.0	16.0	B	1.0	22.0	10.0	0.0	0.0	15.0	1487.0	0.0	Podravska	1.0
73.0	765.0	2010.0	A	160.0	1037062.0	1037062.0	3803.0	16.0	C	1.0	20.0	10.0	0.0	2.0	2.0	1487.0	0.0	Podravska	1.0
76.0	444.0	2010.0	A	160.0	1036918.0	1036918.0	3803.0	12.0	C	1.0	21.0	10.0	0.0	1.0	19.0	0.0	0.0	Koroška	1.0
79.0	779.0	2010.0	A	160.0	1036920.0	1036920.0	3803.0	13.0	A	1.0	27.0	13.0	0.0	0.0	27.0	0.0	0.0	Koroška	1.0
80.0	150.0	2010.0	A	160.0	1036924.0	1036924.0	3803.0	13.0	B	1.0	27.0	13.0	0.0	0.0	23.0	0.0	0.0	Jugovzhodna Slovenija	1.0
81.0	155.0	2010.0	A	160.0	1036915.0	1036915.0	3803.0	12.0	A	1.0	22.0	11.0	0.0	1.0	21.0	0.0	0.0	Jugovzhodna Slovenija	1.0
82.0	156.0	2010.0	A	160.0	1036916.0	1036916.0	3803.0	12.0	B	1.0	23.0	12.0	0.0	0.0	22.0	0.0	0.0	Jugovzhodna Slovenija	1.0
83.0	154.0	2010.0	A	160.0	1036925.0	1036925.0	3803.0	13.0	C	1.0	25.0	12.0	0.0	0.0	24.0	0.0	0.0	Jugovzhodna Slovenija	1.0
84.0	151.0	2010.0	A	160.0	1036926.0	1036926.0	3803.0	14.0	A	1.0	23.0	9.0	0.0	1.0	20.0	0.0	0.0	Jugovzhodna Slovenija	1.0
85.0	653.0	2010.0	A	160.0	1036931.0	1036931.0	3803.0	14.0	B	1.0	23.0	9.0	0.0	1.0	21.0	0.0	0.0	Jugovzhodna Slovenija	1.0
86.0	654.0	2010.0	A	160.0	1036934.0	1036934.0	3803.0	14.0	C	1.0	23.0	9.0	0.0	1.0	19.0	0.0	0.0	Jugovzhodna Slovenija	1.0
87.0	414.0	2010.0	A	160.0	1037183.0	1037183.0	3803.0	17.0	B	1.0	20.0	11.0	0.0	2.0	0.0	1487.0	0.0	Podravska	1.0
88.0	3743.0	2010.0	A	160.0	1037191.0	1037191.0	3803.0	18.0	B	1.0	20.0	10.0	0.0	3.0	0.0	1487.0	0.0	Podravska	1.0
89.0	458.0	2010.0	A	160.0	1037194.0	1037194.0	3803.0	19.0	A	1.0	21.0	9.0	0.0	2.0	0.0	1487.0	0.0	Obalno-Kraška	1.0
90.0	803.0	2010.0	A	160.0	1037195.0	1037195.0	3803.0	19.0	B	1.0	21.0	11.0	0.0	2.0	0.0	1487.0	0.0	Obalno-Kraška	1.0
91.0	804.0	2010.0	A	160.0	1037196.0	1037196.0	3803.0	19.0	C	1.0	19.0	7.0	0.0	3.0	0.0	1487.0	0.0	Obalno-Kraška	1.0
92.0	598.0	2010.0	A	160.0	1037198.0	1037198.0	3803.0	20.0	A	1.0	19.0	6.0	0.0	0.0	0.0	1487.0	0.0	Savinjska	1.0
93.0	180.0	2010.0	A	160.0	1037200.0	1037200.0	3803.0	20.0	B	1.0	20.0	9.0	0.0	2.0	0.0	1487.0	0.0	Osrednjeslovenska	1.0
94.0	680.0	2010.0	A	160.0	1037201.0	1037201.0	3803.0	20.0	C	1.0	22.0	9.0	0.0	0.0	0.0	1487.0	0.0	Osrednjeslovenska	1.0
96.0	1237.0	2010.0	A	160.0	1037182.0	1037182.0	3803.0	17.0	A	1.0	19.0	10.0	0.0	0.0	0.0	1487.0	0.0	Osrednjeslovenska	1.0
97.0	140.0	2010.0	A	160.0	1037184.0	1037184.0	3803.0	17.0	C	1.0	21.0	11.0	0.0	1.0	0.0	1487.0	0.0	Savinjska	1.0
98.0	326.0	2010.0	A	160.0	1037187.0	1037187.0	3803.0	18.0	A	1.0	18.0	9.0	0.0	1.0	0.0	1487.0	0.0	Osrednjeslovenska	1.0
207.1	918.0	2010.0	A	160.0	1037192.0	1037192.0	3803.0	18.0	C	1.0	22.0	8.0	0.0	0.0	0.0	1487.0	0.0	Goriška	1.0
99.0	325.0	2010.0	A	160.0	1037026.0	1037026.0	3803.0	15.0	A	1.0	27.0	13.0	0.0	1.0	24.0	1487.0	0.0	Osrednjeslovenska	1.0
412.6	21875.0	2010.0	A	160.0	1037044.0	1037044.0	3803.0	16.0	A	1.0	23.0	11.0	0.0	2.0	15.0	1487.0	0.0	Podravska	1.0
